cnt,pos,speed,Dir,Force,
1,0,1.0016,-1,3
2,0.00102997,1.0075,-1,3
3,0.00205994,1.0125,-1,3
4,0.00309992,1.0189,-1,3
5,0.00414991,1.0251,-1,3
6,0.00520992,1.0308,-1,3
7,0.00626993,1.0361,-1,3
8,0.00731993,1.0411,-1,3
9,0.00838995,1.0466,-1,3
10,0.00946999,1.0524,-1,3
11,0.01056,1.0577,-1,3
12,0.0116401,1.0628,-1,3
13,0.0127201,1.0684,-1,3
14,0.0138199,1.0732,-1,3
15,0.01493,1.0785,-1,3
16,0.0160501,1.0835,-1,3
17,0.0171499,1.0891,-1,3
18,0.01827,1.0948,-1,3
19,0.0194001,1.1007,-1,3
20,0.02053,1.1063,-1,3
21,0.0216701,1.1111,-1,3
22,0.0228,1.1166,-1,3
23,0.0239501,1.124,-1,3
24,0.0262699,1.1298,-1,3
25,0.02742,1.1344,-1,3
26,0.02859,1.1402,-1,3
27,0.0297701,1.1465,-1,3
28,0.0309501,1.1533,-1,3
29,0.03213,1.1587,-1,3
30,0.03332,1.1639,-1,3
31,0.0345199,1.1701,-1,3
32,0.0357201,1.1764,-1,3
33,0.0369201,1.1811,-1,3
34,0.0381401,1.1867,-1,3
35,0.03935,1.1927,-1,3
36,0.04058,1.1982,-1,3
37,0.0418,1.2031,-1,3
38,0.04304,1.2084,-1,3
39,0.04427,1.214,-1,3
40,0.0455101,1.2191,-1,3
41,0.0467601,1.2244,-1,3
42,0.0480201,1.2303,-1,3
43,0.0492799,1.2355,-1,3
44,0.05054,1.2403,-1,3
45,0.0518,1.2455,-1,3
46,0.0543301,1.2499,-1,3
47,0.0555999,1.2539,-1,3
48,0.05687,1.2574,-1,3
49,0.0581501,1.2614,-1,3
50,0.0594401,1.2663,-1,3
51,0.06074,1.2717,-1,3
52,0.0620501,1.277,-1,3
53,0.06336,1.2824,-1,3
54,0.0646701,1.2871,-1,3
55,0.06598,1.2923,-1,3
56,0.0673001,1.2986,-1,3
57,0.0699701,1.3055,-1,3
58,0.07131,1.3125,-1,3
59,0.07265,1.3187,-1,3
60,0.07265,1.3235,-1,3
61,0.0739801,1.327,-1,3
62,0.07533,1.3306,-1,3
63,0.07669,1.3354,-1,3
64,0.0780501,1.3409,-1,3
65,0.0794201,1.3453,-1,3
66,0.08215,1.3491,-1,3
67,0.0835199,1.353,-1,3
68,0.0849099,1.3577,-1,3
69,0.0863099,1.3632,-1,3
70,0.0877001,1.3689,-1,3
71,0.0877001,1.3744,-1,3
72,0.0890901,1.3789,-1,3
73,0.0904901,1.3826,-1,3
74,0.0919001,1.3869,-1,3
75,0.0933101,1.392,-1,3
76,0.0947399,1.398,-1,3
77,0.09759,1.4029,-1,3
78,0.09902,1.4071,-1,3
79,0.10045,1.411,-1,3
80,0.10189,1.4153,-1,3
81,0.10334,1.4209,-1,3
82,0.10334,1.4282,-1,3
83,0.1048,1.435,-1,3
84,0.10627,1.4414,-1,3
85,0.10774,1.4465,-1,3
86,0.10921,1.4512,-1,3
87,0.1107,1.4587,-1,3
88,0.1122,1.466,-1,3
89,0.1152,1.4727,-1,3
90,0.11671,1.4795,-1,3
91,0.11823,1.4869,-1,3
92,0.11823,1.494,-1,3
93,0.11977,1.5011,-1,3
94,0.1213,1.5077,-1,3
95,0.12284,1.5146,-1,3
96,0.12438,1.5216,-1,3
97,0.12594,1.528,-1,3
98,0.12752,1.5353,-1,3
99,0.12909,1.5425,-1,3
100,0.13067,1.5503,-1,3
101,0.13385,1.5582,-1,3
102,0.13546,1.5654,-1,3
103,0.13708,1.5734,-1,3
104,0.13708,1.5822,-1,3
105,0.1387,1.5911,-1,3
106,0.14033,1.6,-1,3
107,0.14198,1.6085,-1,3
108,0.14364,1.6167,-1,3
109,0.1453,1.6263,-1,3
110,0.14865,1.6363,-1,3
111,0.15035,1.6461,-1,3
112,0.15206,1.6562,-1,3
113,0.15377,1.6658,-1,3
114,0.15549,1.6751,-1,3
115,0.15549,1.6865,-1,3
116,0.15723,1.6972,-1,3
117,0.15898,1.7081,-1,3
118,0.16075,1.719,-1,3
119,0.16251,1.7287,-1,3
120,0.16609,1.7405,-1,3
121,0.16791,1.7525,-1,3
122,0.16973,1.7637,-1,3
123,0.17156,1.7755,-1,3
124,0.17341,1.7885,-1,3
125,0.17528,1.8016,-1,3
126,0.17716,1.8159,-1,3
127,0.17905,1.829,-1,3
128,0.18095,1.8429,-1,3
129,0.18288,1.8606,-1,3
130,0.18677,1.8756,-1,3
131,0.18874,1.8903,-1,3
132,0.19073,1.9068,-1,3
133,0.19273,1.9241,-1,3
134,0.19475,1.9413,-1,3
135,0.19678,1.9577,-1,3
136,0.19884,1.9749,-1,3
137,0.20091,1.9932,-1,3
138,0.20299,2.0114,-1,3
139,0.2051,2.0278,-1,3
140,0.20723,2.0453,-1,3
141,0.20937,2.0633,-1,3
142,0.21154,2.0809,-1,3
143,0.21372,2.0991,-1,3
144,0.21592,2.1174,-1,3
145,0.21815,2.1363,-1,3
146,0.22039,2.1553,-1,3
147,0.22266,2.1749,-1,3
148,0.22494,2.1944,-1,3
149,0.22724,2.2141,-1,3
150,0.22957,2.2342,-1,3
151,0.23192,2.2545,-1,3
152,0.23428,2.2745,-1,3
153,0.23667,2.295,-1,3
154,0.23908,2.3159,-1,3
155,0.24151,2.3366,-1,3
156,0.24396,2.3572,-1,3
157,0.24644,2.3782,-1,3
158,0.24893,2.3997,-1,3
159,0.25145,2.4209,-1,3
160,0.25399,2.4422,-1,3
161,0.25655,2.4636,-1,3
162,0.26174,2.488,-1,3
163,0.26437,2.5115,-1,3
164,0.26702,2.5352,-1,3
165,0.26969,2.5592,-1,3
166,0.27238,2.5831,-1,3
167,0.27509,2.6068,-1,3
168,0.27782,2.6305,-1,3
169,0.28058,2.6543,-1,3
170,0.28335,2.6777,-1,3
171,0.28615,2.7016,-1,3
172,0.28897,2.7231,-1,3
173,0.29181,2.7446,-1,3
174,0.29468,2.7681,-1,3
175,0.29756,2.7912,-1,3
176,0.30338,2.8144,-1,3
177,0.30632,2.8368,-1,3
178,0.30632,2.8593,-1,3
179,0.30928,2.8818,-1,3
180,0.31226,2.9023,-1,3
181,0.31525,2.9218,-1,3
182,0.31827,2.9408,-1,3
183,0.32129,2.9595,-1,3
184,0.32434,2.976,-1,3
185,0.32741,2.9937,-1,3
186,0.33358,3.0108,-1,3
187,0.33668,3.0279,-1,3
188,0.33981,3.0441,-1,3
189,0.34294,3.0601,-1,3
190,0.34609,3.0771,-1,3
191,0.34925,3.0935,-1,3
192,0.35243,3.1096,-1,3
193,0.35561,3.1257,-1,3
194,0.35881,3.1403,-1,3
195,0.36202,3.1534,-1,3
196,0.36523,3.1668,-1,3
197,0.3717,3.18,-1,3
198,0.37495,3.1925,-1,3
199,0.3782,3.2039,-1,3
200,0.38146,3.2151,-1,3
201,0.38473,3.226,-1,3
202,0.38801,3.2365,-1,3
203,0.39129,3.2463,-1,3
204,0.39459,3.2562,-1,3
205,0.39788,3.265,-1,3
206,0.40119,3.2728,-1,3
207,0.4045,3.2799,-1,3
208,0.40782,3.287,-1,3
209,0.41114,3.2941,-1,3
210,0.41447,3.3006,-1,3
211,0.4178,3.3067,-1,3
212,0.42113,3.3122,-1,3
213,0.42447,3.3173,-1,3
214,0.42781,3.322,-1,3
215,0.43115,3.3267,-1,3
216,0.4345,3.3311,-1,3
217,0.43785,3.3351,-1,3
218,0.4412,3.3385,-1,3
219,0.44455,3.3412,-1,3
220,0.4479,3.3436,-1,3
221,0.45125,3.3457,-1,3
222,0.4546,3.3477,-1,3
223,0.45796,3.3491,-1,3
224,0.46131,3.3501,-1,3
225,0.46466,3.3508,-1,3
226,0.468,3.3506,-1,3
227,0.47134,3.3496,-1,3
228,0.47469,3.3486,-1,3
229,0.47802,3.3474,-1,3
230,0.48136,3.3462,-1,3
231,0.4847,3.3443,-1,3
232,0.48802,3.3419,-1,3
233,0.49135,3.3391,-1,3
234,0.49467,3.3361,-1,3
235,0.49798,3.3327,-1,3
236,0.5013,3.3295,-1,3
237,0.50461,3.3262,-1,3
238,0.50791,3.3223,-1,3
239,0.5112,3.3181,-1,3
240,0.5145,3.3134,-1,3
241,0.51778,3.3082,-1,3
242,0.52106,3.3033,-1,3
243,0.52433,3.2979,-1,3
244,0.52759,3.292,-1,3
245,0.53084,3.2858,-1,3
246,0.53409,3.2793,-1,3
247,0.53734,3.273,-1,3
248,0.54058,3.2667,-1,3
249,0.5438,3.2598,-1,3
250,0.54702,3.2527,-1,3
251,0.55024,3.246,-1,3
252,0.55345,3.2389,-1,3
253,0.55664,3.2318,-1,3
254,0.55983,3.2247,-1,3
255,0.56302,3.2179,-1,3
256,0.5662,3.2106,-1,3
257,0.56937,3.2033,-1,3
258,0.57253,3.1955,-1,3
259,0.57569,3.1885,-1,3
260,0.57884,3.1815,-1,3
261,0.58198,3.1745,-1,3
262,0.58512,3.1672,-1,3
263,0.58824,3.1594,-1,3
264,0.59448,3.1516,-1,3
265,0.59759,3.1439,-1,3
266,0.60069,3.1365,-1,3
267,0.60378,3.1287,-1,3
268,0.60687,3.1215,-1,3
269,0.60995,3.1138,-1,3
270,0.61303,3.1062,-1,3
271,0.6161,3.0989,-1,3
272,0.62221,3.0908,-1,3
273,0.62527,3.0839,-1,3
274,0.62831,3.0773,-1,3
275,0.63135,3.0702,-1,3
276,0.63439,3.0635,-1,3
277,0.63741,3.0569,-1,3
278,0.64044,3.0505,-1,3
279,0.64346,3.0443,-1,3
280,0.64648,3.0386,-1,3
281,0.64948,3.0325,-1,3
282,0.65249,3.028,-1,3
283,0.6555,3.0232,-1,3
284,0.6585,3.0184,-1,3
285,0.66149,3.0139,-1,3
286,0.66448,3.0096,-1,3
287,0.66747,3.0057,-1,3
288,0.67046,3.0018,-1,3
289,0.67344,2.9982,-1,3
290,0.67642,2.9945,-1,3
291,0.6794,2.991,-1,3
292,0.68237,2.9879,-1,3
293,0.68535,2.9849,-1,3
294,0.68831,2.9819,-1,3
295,0.69128,2.9793,-1,3
296,0.69425,2.977,-1,3
297,0.69722,2.9744,-1,3
298,0.70018,2.9719,-1,3
299,0.70314,2.9696,-1,3
300,0.7061,2.9676,-1,3
301,0.70905,2.966,-1,3
302,0.71497,2.9637,-1,3
303,0.71792,2.9619,-1,3
304,0.72088,2.9605,-1,3
305,0.72383,2.9589,-1,3
306,0.72678,2.9573,-1,3
307,0.72973,2.9559,-1,3
308,0.73268,2.9547,-1,3
309,0.73563,2.9536,-1,3
310,0.73858,2.9525,-1,3
311,0.74152,2.9514,-1,3
312,0.74447,2.9505,-1,3
313,0.74741,2.9494,-1,3
314,0.75036,2.9483,-1,3
315,0.7533,2.9474,-1,3
316,0.75624,2.9464,-1,3
317,0.75919,2.9458,-1,3
318,0.76213,2.9452,-1,3
319,0.76507,2.9443,-1,3
320,0.76801,2.9433,-1,3
321,0.77095,2.9427,-1,3
322,0.77389,2.9421,-1,3
323,0.77977,2.9417,-1,3
324,0.78271,2.941,-1,3
325,0.78565,2.9405,-1,3
326,0.78858,2.9401,-1,3
327,0.79152,2.9395,-1,3
328,0.79446,2.9389,-1,3
329,0.79739,2.9383,-1,3
330,0.80032,2.9375,-1,3
331,0.80326,2.9367,-1,3
332,0.80619,2.9359,-1,3
333,0.80912,2.9347,-1,3
334,0.81497,2.9336,-1,3
335,0.8179,2.9325,-1,3
336,0.82082,2.9309,-1,3
337,0.82374,2.9294,-1,3
338,0.82667,2.928,-1,3
339,0.82959,2.9265,-1,3
340,0.8325,2.9253,-1,3
341,0.83542,2.9233,-1,3
342,0.83833,2.9215,-1,3
343,0.84125,2.92,-1,3
344,0.84416,2.9184,-1,3
345,0.84706,2.9163,-1,3
346,0.84997,2.9149,-1,3
347,0.85288,2.9134,-1,3
348,0.85578,2.9114,-1,3
349,0.85868,2.9096,-1,3
350,0.86158,2.9079,-1,3
351,0.86448,2.9062,-1,3
352,0.86738,2.9044,-1,3
353,0.87027,2.9023,-1,3
354,0.87316,2.9003,-1,3
355,0.87605,2.8985,-1,3
356,0.87893,2.8962,-1,3
357,0.88182,2.8937,-1,3
358,0.8847,2.8913,-1,3
359,0.88757,2.8885,-1,3
360,0.89044,2.8859,-1,3
361,0.89331,2.8832,-1,3
362,0.89618,2.8801,-1,3
363,0.89904,2.8775,-1,3
364,0.90191,2.8745,-1,3
365,0.90476,2.8714,-1,3
366,0.90762,2.8683,-1,3
367,0.91047,2.8652,-1,3
368,0.91332,2.8623,-1,3
369,0.91617,2.8596,-1,3
370,0.91901,2.8562,-1,3
371,0.92185,2.8534,-1,3
372,0.92468,2.8504,-1,3
373,0.92752,2.8473,-1,3
374,0.93035,2.8442,-1,3
375,0.93599,2.8407,-1,3
376,0.93882,2.8377,-1,3
377,0.94163,2.8343,-1,3
378,0.94445,2.8307,-1,3
379,0.94726,2.8272,-1,3
380,0.95006,2.8234,-1,3
381,0.95287,2.8195,-1,3
382,0.95567,2.8165,-1,3
383,0.95847,2.8125,-1,3
384,0.96126,2.8089,-1,3
385,0.96405,2.8057,-1,3
386,0.96683,2.8018,-1,3
387,0.96962,2.7986,-1,3
388,0.9724,2.7954,-1,3
389,0.97518,2.7919,-1,3
390,0.97795,2.7889,-1,3
391,0.98072,2.7856,-1,3
392,0.98349,2.7819,-1,3
393,0.98625,2.7785,-1,3
394,0.98901,2.7746,-1,3
395,0.99176,2.7715,-1,3
396,0.99453,2.769,-1,3
397,0.99728,2.766,-1,3
398,1.00003,2.7626,-1,3
399,1.00278,2.7597,-1,3
400,1.00552,2.7569,-1,3
401,1.00827,2.7545,-1,3
402,1.01101,2.752,-1,3
403,1.01375,2.7496,-1,3
404,1.01648,2.7477,-1,3
405,1.01922,2.7456,-1,3
406,1.02196,2.7433,-1,3
407,1.0247,2.7415,-1,3
408,1.02743,2.7396,-1,3
409,1.03016,2.7378,-1,3
410,1.03289,2.7366,-1,3
411,1.03562,2.7353,-1,3
412,1.03836,2.7344,-1,3
413,1.04109,2.7338,-1,3
414,1.04382,2.7334,-1,3
415,1.04655,2.7328,-1,3
416,1.04928,2.7322,-1,3
417,1.05476,2.7325,-1,3
418,1.0575,2.7339,-1,3
419,1.06024,2.7354,-1,3
420,1.06299,2.7365,-1,3
421,1.06573,2.7379,-1,3
422,1.06849,2.7397,-1,3
423,1.07125,2.7426,-1,3
424,1.07401,2.7455,-1,3
425,1.07677,2.7488,-1,3
426,1.07954,2.7525,-1,3
427,1.08231,2.7565,-1,3
428,1.08788,2.761,-1,3
429,1.09067,2.7655,-1,3
430,1.09347,2.7704,-1,3
431,1.09627,2.7759,-1,3
432,1.09907,2.7814,-1,3
433,1.10189,2.7871,-1,3
434,1.10471,2.7933,-1,3
435,1.10754,2.7998,-1,3
436,1.11038,2.8065,-1,3
437,1.11323,2.8132,-1,3
438,1.11608,2.8198,-1,3
439,1.11894,2.8272,-1,3
440,1.12181,2.8348,-1,3
441,1.1247,2.8429,-1,3
442,1.12759,2.8514,-1,3
443,1.13049,2.8599,-1,3
444,1.1334,2.8691,-1,3
445,1.13633,2.8786,-1,3
446,1.13927,2.8885,-1,3
447,1.14222,2.8989,-1,3
448,1.14518,2.9098,-1,3
449,1.14815,2.9221,-1,3
450,1.15414,2.9351,-1,3
451,1.15715,2.9483,-1,3
452,1.16018,2.962,-1,3
453,1.16323,2.976,-1,3
454,1.16628,2.9902,-1,3
455,1.16935,3.0048,-1,3
456,1.17244,3.0203,-1,3
457,1.17555,3.0355,-1,3
458,1.17866,3.051,-1,3
459,1.1818,3.066,-1,3
460,1.18495,3.0812,-1,3
461,1.19131,3.0981,-1,3
462,1.19131,3.1159,-1,3
463,1.19451,3.1341,-1,3
464,1.19774,3.1509,-1,3
465,1.20098,3.1681,-1,3
466,1.20424,3.1855,-1,3
467,1.20752,3.2032,-1,3
468,1.21083,3.2215,-1,3
469,1.21415,3.2423,-1,3
470,1.21749,3.2638,-1,3
471,1.22424,3.284,-1,3
472,1.22765,3.3041,-1,3
473,1.23108,3.3246,-1,3
474,1.23108,3.3478,-1,3
475,1.23454,3.3691,-1,3
476,1.23801,3.3904,-1,3
477,1.24152,3.4127,-1,3
478,1.24504,3.4352,-1,3
479,1.2486,3.4587,-1,3
480,1.25578,3.4824,-1,3
481,1.25941,3.5067,-1,3
482,1.26306,3.5311,-1,3
483,1.26674,3.5564,-1,3
484,1.26674,3.5814,-1,3
485,1.27045,3.6092,-1,3
486,1.27418,3.6349,-1,3
487,1.27794,3.6609,-1,3
488,1.28174,3.6876,-1,3
489,1.28555,3.7113,-1,3
490,1.28939,3.7375,-1,3
491,1.29326,3.7639,-1,3
492,1.30107,3.7905,-1,3
493,1.30502,3.8167,-1,3
494,1.30899,3.8431,-1,3
495,1.30899,3.869,-1,3
496,1.31298,3.8949,-1,3
497,1.31699,3.92,-1,3
498,1.32103,3.9442,-1,3
499,1.32509,3.9686,-1,3
500,1.32917,3.9901,-1,3
501,1.33327,4.0113,-1,3
502,1.3374,4.0318,-1,3
503,1.34154,4.0537,-1,3
504,1.34988,4.0745,-1,3
505,1.35408,4.0949,-1,3
506,1.35408,4.1173,-1,3
507,1.3583,4.1394,-1,3
508,1.36253,4.1594,-1,3
509,1.36678,4.1782,-1,3
510,1.37104,4.196,-1,3
511,1.37531,4.2129,-1,3
512,1.3796,4.2308,-1,3
513,1.3839,4.2459,-1,3
514,1.39254,4.2608,-1,3
515,1.39687,4.2744,-1,3
516,1.40122,4.2869,-1,3
517,1.40122,4.2984,-1,3
518,1.40556,4.3111,-1,3
519,1.40993,4.3225,-1,3
520,1.4143,4.3336,-1,3
521,1.41867,4.3439,-1,3
522,1.42306,4.352,-1,3
523,1.42745,4.3601,-1,3
524,1.43624,4.3677,-1,3
525,1.44065,4.3748,-1,3
526,1.44506,4.3813,-1,3
527,1.44947,4.3876,-1,3
528,1.45389,4.3933,-1,3
529,1.45831,4.399,-1,3
530,1.46273,4.4039,-1,3
531,1.46715,4.4083,-1,3
532,1.47157,4.4122,-1,3
533,1.476,4.4154,-1,3
534,1.48042,4.4178,-1,3
535,1.48485,4.4202,-1,3
536,1.48927,4.4218,-1,3
537,1.49369,4.4227,-1,3
538,1.49811,4.4228,-1,3
539,1.50254,4.4233,-1,3
540,1.50696,4.4235,-1,3
541,1.51138,4.4232,-1,3
542,1.51579,4.4221,-1,3
543,1.5202,4.4204,-1,3
544,1.52461,4.4185,-1,3
545,1.52902,4.4165,-1,3
546,1.53342,4.4145,-1,3
547,1.53782,4.4121,-1,3
548,1.54221,4.4093,-1,3
549,1.54659,4.4055,-1,3
550,1.55098,4.402,-1,3
551,1.55536,4.3983,-1,3
552,1.55974,4.3946,-1,3
553,1.5641,4.39,-1,3
554,1.56846,4.3848,-1,3
555,1.57716,4.3788,-1,3
556,1.5815,4.3724,-1,3
557,1.58583,4.3658,-1,3
558,1.59016,4.3589,-1,3
559,1.59447,4.3518,-1,3
560,1.59878,4.3439,-1,3
561,1.60308,4.3358,-1,3
562,1.60737,4.3273,-1,3
563,1.61165,4.319,-1,3
564,1.61592,4.3107,-1,3
565,1.62019,4.3026,-1,3
566,1.62445,4.2945,-1,3
567,1.6287,4.285,-1,3
568,1.63716,4.2757,-1,3
569,1.64138,4.2662,-1,3
570,1.64138,4.2571,-1,3
571,1.6456,4.2487,-1,3
572,1.6498,4.2402,-1,3
573,1.65399,4.2312,-1,3
574,1.65818,4.2222,-1,3
575,1.66235,4.2131,-1,3
576,1.66652,4.2041,-1,3
577,1.67068,4.1962,-1,3
578,1.67483,4.1871,-1,3
579,1.6831,4.1783,-1,3
580,1.68722,4.1689,-1,3
581,1.68722,4.1587,-1,3
582,1.69544,4.1488,-1,3
583,1.69955,4.1398,-1,3
584,1.70364,4.1306,-1,3
585,1.70772,4.1213,-1,3
586,1.71179,4.1119,-1,3
587,1.71586,4.1028,-1,3
588,1.72397,4.0938,-1,3
589,1.72801,4.0847,-1,3
590,1.73205,4.0762,-1,3
591,1.73607,4.0675,-1,3
592,1.74009,4.0592,-1,3
593,1.7441,4.0499,-1,3
594,1.74811,4.0412,-1,3
595,1.7521,4.0324,-1,3
596,1.7561,4.0245,-1,3
597,1.76008,4.0161,-1,3
598,1.76406,4.0089,-1,3
599,1.76803,4.002,-1,3
600,1.77199,3.9946,-1,3
601,1.77595,3.9875,-1,3
602,1.7799,3.9803,-1,3
603,1.78384,3.9741,-1,3
604,1.78778,3.9678,-1,3
605,1.79172,3.9615,-1,3
606,1.79564,3.9542,-1,3
607,1.79955,3.9476,-1,3
608,1.80347,3.941,-1,3
609,1.80737,3.9344,-1,3
610,1.81127,3.928,-1,3
611,1.81516,3.9209,-1,3
612,1.82293,3.9138,-1,3
613,1.82293,3.9064,-1,3
614,1.83066,3.8987,-1,3
615,1.83452,3.8912,-1,3
616,1.83837,3.884,-1,3
617,1.84222,3.8767,-1,3
618,1.84605,3.869,-1,3
619,1.84988,3.8616,-1,3
620,1.85371,3.8541,-1,3
621,1.85752,3.8473,-1,3
622,1.86133,3.8403,-1,3
623,1.86513,3.8332,-1,3
624,1.86893,3.8261,-1,3
625,1.87271,3.8185,-1,3
626,1.87649,3.8116,-1,3
627,1.88027,3.8045,-1,3
628,1.88779,3.797,-1,3
629,1.89154,3.7887,-1,3
630,1.89529,3.7809,-1,3
631,1.89902,3.7726,-1,3
632,1.90275,3.7648,-1,3
633,1.90648,3.7572,-1,3
634,1.9102,3.7504,-1,3
635,1.91391,3.7435,-1,3
636,1.91762,3.7362,-1,3
637,1.92132,3.7286,-1,3
638,1.92501,3.722,-1,3
639,1.9287,3.7162,-1,3
640,1.93238,3.7096,-1,3
641,1.93606,3.7039,-1,3
642,1.93973,3.6975,-1,3
643,1.94338,3.6906,-1,3
644,1.94703,3.6831,-1,3
645,1.95068,3.6766,-1,3
646,1.95432,3.6701,-1,3
647,1.95795,3.6634,-1,3
648,1.96157,3.656,-1,3
649,1.96519,3.6484,-1,3
650,1.96879,3.6412,-1,3
651,1.9724,3.6337,-1,3
652,1.97599,3.6263,-1,3
653,1.97957,3.6193,-1,3
654,1.98315,3.6121,-1,3
655,1.98672,3.6046,-1,3
656,1.99029,3.5966,-1,3
657,1.99385,3.5895,-1,3
658,1.99739,3.5823,-1,3
659,2.00093,3.5748,-1,3
660,2.00447,3.5671,-1,3
661,2.00799,3.5593,-1,3
662,2.01151,3.5519,-1,3
663,2.01502,3.5444,-1,3
664,2.01852,3.5367,-1,3
665,2.02201,3.5288,-1,3
666,2.0255,3.5209,-1,3
667,2.02898,3.513,-1,3
668,2.03245,3.5054,-1,3
669,2.03591,3.4975,-1,3
670,2.03936,3.4899,-1,3
671,2.04281,3.4823,-1,3
672,2.04625,3.4742,-1,3
673,2.04968,3.4661,-1,3
674,2.0531,3.4584,-1,3
675,2.05652,3.4507,-1,3
676,2.05993,3.4432,-1,3
677,2.06333,3.4351,-1,3
678,2.06672,3.4278,-1,3
679,2.07011,3.4206,-1,3
680,2.07349,3.4131,-1,3
681,2.07687,3.4049,-1,3
682,2.08359,3.397,-1,3
683,2.08695,3.3894,-1,3
684,2.09029,3.3819,-1,3
685,2.09364,3.3746,-1,3
686,2.09697,3.3674,-1,3
687,2.1003,3.3606,-1,3
688,2.10363,3.3536,-1,3
689,2.10696,3.3471,-1,3
690,2.11027,3.3409,-1,3
691,2.11359,3.3355,-1,3
692,2.1169,3.3307,-1,3
693,2.1202,3.326,-1,3
694,2.12351,3.3211,-1,3
695,2.12681,3.3168,-1,3
696,2.13011,3.3131,-1,3
697,2.13341,3.3097,-1,3
698,2.1367,3.3066,-1,3
699,2.13999,3.3035,-1,3
700,2.14329,3.301,-1,3
701,2.14658,3.2991,-1,3
702,2.14988,3.2974,-1,3
703,2.15317,3.2964,-1,3
704,2.15647,3.2965,-1,3
705,2.15977,3.297,-1,3
706,2.16308,3.2976,-1,3
707,2.16638,3.2985,-1,3
708,2.1697,3.2999,-1,3
709,2.17301,3.3021,-1,3
710,2.17633,3.3051,-1,3
711,2.17966,3.3088,-1,3
712,2.18635,3.3139,-1,3
713,2.1897,3.3197,-1,3
714,2.19306,3.3258,-1,3
715,2.19644,3.3325,-1,3
716,2.19982,3.3406,-1,3
717,2.20322,3.35,-1,3
718,2.20663,3.3598,-1,3
719,2.21005,3.3707,-1,3
720,2.21349,3.382,-1,3
721,2.21695,3.3944,-1,3
722,2.22041,3.4066,-1,3
723,2.2274,3.4214,-1,3
724,2.23092,3.4371,-1,3
725,2.23446,3.4539,-1,3
726,2.23802,3.4714,-1,3
727,2.2416,3.4892,-1,3
728,2.2452,3.508,-1,3
729,2.24882,3.5276,-1,3
730,2.25246,3.5483,-1,3
731,2.25613,3.5702,-1,3
732,2.25983,3.593,-1,3
733,2.26355,3.6152,-1,3
734,2.26731,3.6388,-1,3
735,2.27109,3.6636,-1,3
736,2.27491,3.689,-1,3
737,2.27876,3.716,-1,3
738,2.28264,3.7445,-1,3
739,2.28656,3.7742,-1,3
740,2.29051,3.8047,-1,3
741,2.29449,3.8361,-1,3
742,2.29852,3.8691,-1,3
743,2.30258,3.903,-1,3
744,2.30669,3.9379,-1,3
745,2.31501,3.9775,-1,3
746,2.31924,4.0184,-1,3
747,2.32351,4.0608,-1,3
748,2.32782,4.1039,-1,3
749,2.33218,4.1482,-1,3
750,2.33659,4.1937,-1,3
751,2.34104,4.24,-1,3
752,2.34553,4.2871,-1,3
753,2.35008,4.3352,-1,3
754,2.35467,4.3838,-1,3
755,2.3593,4.4336,-1,3
756,2.36872,4.4841,-1,3
757,2.3735,4.5348,-1,3
758,2.37832,4.5861,-1,3
759,2.37832,4.6372,-1,3
760,2.38319,4.684,-1,3
761,2.38811,4.7305,-1,3
762,2.39307,4.7771,-1,3
763,2.39807,4.823,-1,3
764,2.40312,4.8684,-1,3
765,2.4082,4.9132,-1,3
766,2.4185,4.9572,-1,3
767,2.42371,5,-1,3
768,2.42895,5.0415,-1,3
769,2.43423,5.0822,-1,3
770,2.43423,5.1262,-1,3
771,2.43954,5.1658,-1,3
772,2.44488,5.2041,-1,3
773,2.45026,5.241,-1,3
774,2.45566,5.2765,-1,3
775,2.46108,5.3089,-1,3
776,2.47201,5.3394,-1,3
777,2.47751,5.3686,-1,3
778,2.48302,5.396,-1,3
779,2.48856,5.4213,-1,3
780,2.49411,5.4455,-1,3
781,2.49411,5.4716,-1,3
782,2.49968,5.4943,-1,3
783,2.50526,5.515,-1,3
784,2.51085,5.5341,-1,3
785,2.51645,5.549,-1,3
786,2.52207,5.5639,-1,3
787,2.52769,5.5771,-1,3
788,2.53896,5.5891,-1,3
789,2.5446,5.5997,-1,3
790,2.55024,5.6092,-1,3
791,2.55024,5.617,-1,3
792,2.55589,5.6256,-1,3
793,2.56155,5.6334,-1,3
794,2.5672,5.6396,-1,3
795,2.57286,5.6445,-1,3
796,2.5785,5.6477,-1,3
797,2.58981,5.6499,-1,3
798,2.59546,5.6513,-1,3
799,2.6011,5.6515,-1,3
800,2.60674,5.6505,-1,3
801,2.61237,5.649,-1,3
802,2.61801,5.6464,-1,3
803,2.62363,5.643,-1,3
804,2.62924,5.6391,-1,3
805,2.63485,5.6349,-1,3
806,2.64046,5.6297,-1,3
807,2.64605,5.6238,-1,3
808,2.6572,5.6162,-1,3
809,2.66277,5.6086,-1,3
810,2.66832,5.6,-1,3
811,2.67386,5.5908,-1,3
812,2.67939,5.5808,-1,3
813,2.68491,5.5698,-1,3
814,2.69041,5.5589,-1,3
815,2.69591,5.5473,-1,3
816,2.70139,5.5356,-1,3
817,2.70686,5.5233,-1,3
818,2.71232,5.5115,-1,3
819,2.71776,5.499,-1,3
820,2.72319,5.4869,-1,3
821,2.72861,5.4748,-1,3
822,2.73402,5.4622,-1,3
823,2.73941,5.4497,-1,3
824,2.74478,5.4367,-1,3
825,2.75014,5.4235,-1,3
826,2.75549,5.4097,-1,3
827,2.76084,5.397,-1,3
828,2.76617,5.3845,-1,3
829,2.77147,5.3697,-1,3
830,2.78205,5.3548,-1,3
831,2.78732,5.3399,-1,3
832,2.79258,5.3256,-1,3
833,2.79783,5.3111,-1,3
834,2.80306,5.2965,-1,3
835,2.80827,5.2815,-1,3
836,2.81347,5.267,-1,3
837,2.81866,5.2518,-1,3
838,2.82384,5.2369,-1,3
839,2.82901,5.224,-1,3
840,2.83416,5.2108,-1,3
841,2.83929,5.1961,-1,3
842,2.84953,5.1813,-1,3
843,2.85463,5.1666,-1,3
844,2.85463,5.1519,-1,3
845,2.85971,5.1388,-1,3
846,2.86477,5.125,-1,3
847,2.86983,5.1113,-1,3
848,2.87488,5.0979,-1,3
849,2.87991,5.0849,-1,3
850,2.88992,5.0702,-1,3
851,2.89492,5.0571,-1,3
852,2.8999,5.0438,-1,3
853,2.90487,5.031,-1,3
854,2.90982,5.0186,-1,3
855,2.91477,5.0046,-1,3
856,2.9197,4.9914,-1,3
857,2.92462,4.9782,-1,3
858,2.92954,4.9649,-1,3
859,2.93444,4.9518,-1,3
860,2.93933,4.9389,-1,3
861,2.94906,4.9258,-1,3
862,2.95392,4.913,-1,3
863,2.95876,4.9006,-1,3
864,2.9636,4.8883,-1,3
865,2.96842,4.8762,-1,3
866,2.97323,4.8638,-1,3
867,2.97802,4.8513,-1,3
868,2.98281,4.8387,-1,3
869,2.98759,4.8266,-1,3
870,2.99236,4.8158,-1,3
871,2.99711,4.8049,-1,3
872,3.00186,4.7941,-1,3
873,3.0066,4.7833,-1,3
874,3.01133,4.7731,-1,3
875,3.01605,4.7633,-1,3
876,3.02076,4.7529,-1,3
877,3.02545,4.7425,-1,3
878,3.03014,4.7326,-1,3
879,3.03482,4.7227,-1,3
880,3.03949,4.7134,-1,3
881,3.04415,4.7039,-1,3
882,3.0488,4.6942,-1,3
883,3.05343,4.6838,-1,3
884,3.05806,4.6732,-1,3
885,3.06268,4.6626,-1,3
886,3.06728,4.6527,-1,3
887,3.07188,4.6425,-1,3
888,3.07645,4.6315,-1,3
889,3.08102,4.62,-1,3
890,3.08558,4.6087,-1,3
891,3.09013,4.5975,-1,3
892,3.09466,4.5864,-1,3
893,3.09919,4.5754,-1,3
894,3.1037,4.5639,-1,3
895,3.1082,4.5521,-1,3
896,3.11269,4.5405,-1,3
897,3.11717,4.5296,-1,3
898,3.12164,4.519,-1,3
899,3.1261,4.5085,-1,3
900,3.13055,4.4969,-1,3
901,3.13498,4.4855,-1,3
902,3.1394,4.4737,-1,3
903,3.14382,4.4627,-1,3
904,3.14822,4.451,-1,3
905,3.15261,4.439,-1,3
906,3.16136,4.4266,-1,3
907,3.16571,4.4136,-1,3
908,3.17005,4.4008,-1,3
909,3.17439,4.3882,-1,3
910,3.17871,4.3763,-1,3
911,3.18302,4.3638,-1,3
912,3.18732,4.3513,-1,3
913,3.1916,4.3384,-1,3
914,3.19588,4.3266,-1,3
915,3.20015,4.3155,-1,3
916,3.2044,4.3042,-1,3
917,3.20864,4.2926,-1,3
918,3.21286,4.2796,-1,3
919,3.21708,4.2677,-1,3
920,3.22128,4.2555,-1,3
921,3.22548,4.2444,-1,3
922,3.22966,4.2335,-1,3
923,3.23383,4.222,-1,3
924,3.23799,4.2103,-1,3
925,3.24214,4.1988,-1,3
926,3.24629,4.1875,-1,3
927,3.25042,4.1769,-1,3
928,3.25865,4.1665,-1,3
929,3.26275,4.155,-1,3
930,3.26684,4.144,-1,3
931,3.27092,4.1324,-1,3
932,3.27499,4.1209,-1,3
933,3.27905,4.1098,-1,3
934,3.2831,4.0991,-1,3
935,3.28715,4.0884,-1,3
936,3.29118,4.0778,-1,3
937,3.29521,4.0671,-1,3
938,3.30322,4.0564,-1,3
939,3.30722,4.0461,-1,3
940,3.31121,4.036,-1,3
941,3.31519,4.026,-1,3
942,3.31917,4.0165,-1,3
943,3.32314,4.0075,-1,3
944,3.3271,3.9982,-1,3
945,3.33105,3.9891,-1,3
946,3.335,3.9806,-1,3
947,3.33895,3.9726,-1,3
948,3.34289,3.9662,-1,3
949,3.34682,3.9598,-1,3
950,3.35075,3.9534,-1,3
951,3.35467,3.9475,-1,3
952,3.35859,3.9423,-1,3
953,3.36251,3.9374,-1,3
954,3.36643,3.9334,-1,3
955,3.37035,3.9294,-1,3
956,3.37426,3.926,-1,3
957,3.37818,3.923,-1,3
958,3.38209,3.9203,-1,3
959,3.38992,3.9186,-1,3
960,3.39384,3.9174,-1,3
961,3.39776,3.9174,-1,3
962,3.40168,3.9174,-1,3
963,3.40562,3.9187,-1,3
964,3.40955,3.9201,-1,3
965,3.41349,3.9227,-1,3
966,3.41744,3.9258,-1,3
967,3.42139,3.93,-1,3
968,3.42535,3.9347,-1,3
969,3.43331,3.9413,-1,3
970,3.43331,3.949,-1,3
971,3.4373,3.957,-1,3
972,3.4413,3.9649,-1,3
973,3.44531,3.973,-1,3
974,3.44934,3.9821,-1,3
975,3.45337,3.9915,-1,3
976,3.45742,4.0017,-1,3
977,3.46149,4.0155,-1,3
978,3.46558,4.0306,-1,3
979,3.47382,4.0451,-1,3
980,3.47796,4.0601,-1,3
981,3.47796,4.0765,-1,3
982,3.48213,4.0929,-1,3
983,3.48631,4.1102,-1,3
984,3.49052,4.1288,-1,3
985,3.49476,4.1485,-1,3
986,3.49901,4.1689,-1,3
987,3.50328,4.1869,-1,3
988,3.50757,4.2082,-1,3
989,3.5119,4.2315,-1,3
990,3.52065,4.2563,-1,3
991,3.52506,4.2812,-1,3
992,3.52506,4.3087,-1,3
993,3.52951,4.3343,-1,3
994,3.53398,4.3604,-1,3
995,3.53849,4.3913,-1,3
996,3.5476,4.4232,-1,3
997,3.5522,4.4558,-1,3
998,3.55683,4.4868,-1,3
999,3.5615,4.5176,-1,3
1000,3.5662,4.5488,-1,3
1001,3.57094,4.5807,-1,3
1002,3.57571,4.6135,-1,3
1003,3.58051,4.6531,-1,3
1004,3.59022,4.6928,-1,3
1005,3.59022,4.7294,-1,3
1006,3.60006,4.7661,-1,3
1007,3.60504,4.8037,-1,3
1008,3.61005,4.8413,-1,3
1009,3.61509,4.8789,-1,3
1010,3.62017,4.9165,-1,3
1011,3.62528,4.9541,-1,3
1012,3.63043,4.992,-1,3
1013,3.63562,5.0268,-1,3
1014,3.64083,5.0613,-1,3
1015,3.64608,5.0952,-1,3
1016,3.65136,5.1296,-1,3
1017,3.65667,5.1633,-1,3
1018,3.66202,5.1972,-1,3
1019,3.6674,5.2307,-1,3
1020,3.67281,5.2638,-1,3
1021,3.67825,5.2969,-1,3
1022,3.68373,5.3294,-1,3
1023,3.68923,5.3612,-1,3
1024,3.69476,5.393,-1,3
1025,3.70032,5.424,-1,3
1026,3.7059,5.4539,-1,3
1027,3.71151,5.4834,-1,3
1028,3.71714,5.5118,-1,3
1029,3.72847,5.5414,-1,3
1030,3.73416,5.5698,-1,3
1031,3.73988,5.5974,-1,3
1032,3.74562,5.6236,-1,3
1033,3.75137,5.6481,-1,3
1034,3.75714,5.6719,-1,3
1035,3.76292,5.695,-1,3
1036,3.76872,5.7167,-1,3
1037,3.77453,5.7368,-1,3
1038,3.78035,5.7555,-1,3
1039,3.78618,5.7706,-1,3
1040,3.79201,5.7851,-1,3
1041,3.79786,5.7979,-1,3
1042,3.80372,5.8099,-1,3
1043,3.80957,5.8209,-1,3
1044,3.81543,5.8303,-1,3
1045,3.82129,5.838,-1,3
1046,3.82717,5.8451,-1,3
1047,3.83304,5.8516,-1,3
1048,3.83891,5.8572,-1,3
1049,3.84478,5.8617,-1,3
1050,3.85066,5.865,-1,3
1051,3.85653,5.8679,-1,3
1052,3.86828,5.8697,-1,3
1053,3.87415,5.8708,-1,3
1054,3.88001,5.8709,-1,3
1055,3.88587,5.8706,-1,3
1056,3.89173,5.8694,-1,3
1057,3.89759,5.8676,-1,3
1058,3.90344,5.8656,-1,3
1059,3.90929,5.8638,-1,3
1060,3.91514,5.861,-1,3
1061,3.92097,5.8561,-1,3
1062,3.93261,5.8501,-1,3
1063,3.93842,5.8441,-1,3
1064,3.94422,5.838,-1,3
1065,3.95002,5.8317,-1,3
1066,3.9558,5.8243,-1,3
1067,3.96158,5.8162,-1,3
1068,3.96734,5.8073,-1,3
1069,3.97311,5.7984,-1,3
1070,3.97886,5.7894,-1,3
1071,3.98461,5.781,-1,3
1072,3.99033,5.7724,-1,3
1073,3.99605,5.7635,-1,3
1074,4.00177,5.7549,-1,3
1075,4.00748,5.746,-1,3
1076,4.01318,5.7372,-1,3
1077,4.01886,5.7285,-1,3
1078,4.02454,5.7192,-1,3
1079,4.03021,5.7098,-1,3
1080,4.03587,5.7003,-1,3
1081,4.04152,5.6911,-1,3
1082,4.04716,5.6824,-1,3
1083,4.05279,5.6737,-1,3
1084,4.05842,5.6642,-1,3
1085,4.06403,5.6546,-1,3
1086,4.06963,5.6456,-1,3
1087,4.07523,5.6362,-1,3
1088,4.08081,5.627,-1,3
1089,4.08638,5.6174,-1,3
1090,4.09195,5.6081,-1,3
1091,4.0975,5.5985,-1,3
1092,4.10305,5.589,-1,3
1093,4.10858,5.579,-1,3
1094,4.11411,5.5694,-1,3
1095,4.11963,5.5597,-1,3
1096,4.12513,5.5496,-1,3
1097,4.13062,5.5395,-1,3
1098,4.13611,5.5297,-1,3
1099,4.14158,5.5197,-1,3
1100,4.14705,5.5096,-1,3
1101,4.1525,5.4995,-1,3
1102,4.15794,5.4891,-1,3
1103,4.16337,5.4791,-1,3
1104,4.1688,5.469,-1,3
1105,4.17422,5.4594,-1,3
1106,4.17963,5.4498,-1,3
1107,4.18502,5.4399,-1,3
1108,4.19041,5.43,-1,3
1109,4.19579,5.4207,-1,3
1110,4.20116,5.4112,-1,3
1111,4.20652,5.4016,-1,3
1112,4.21186,5.392,-1,3
1113,4.2172,5.3825,-1,3
1114,4.22253,5.3731,-1,3
1115,4.22786,5.3636,-1,3
1116,4.23316,5.3535,-1,3
1117,4.23846,5.343,-1,3
1118,4.24903,5.3329,-1,3
1119,4.25431,5.3223,-1,3
1120,4.25957,5.3117,-1,3
1121,4.26482,5.3009,-1,3
1122,4.27006,5.2903,-1,3
1123,4.27529,5.2798,-1,3
1124,4.28052,5.2695,-1,3
1125,4.28574,5.2587,-1,3
1126,4.29094,5.247,-1,3
1127,4.29613,5.2363,-1,3
1128,4.30649,5.2257,-1,3
1129,4.31167,5.2155,-1,3
1130,4.31682,5.2048,-1,3
1131,4.31682,5.1941,-1,3
1132,4.32196,5.1843,-1,3
1133,4.3271,5.1747,-1,3
1134,4.33223,5.1646,-1,3
1135,4.33734,5.1544,-1,3
1136,4.34245,5.146,-1,3
1137,4.34755,5.1368,-1,3
1138,4.35264,5.1269,-1,3
1139,4.36279,5.1162,-1,3
1140,4.36785,5.1066,-1,3
1141,4.3729,5.0973,-1,3
1142,4.37794,5.087,-1,3
1143,4.38296,5.0759,-1,3
1144,4.38798,5.0652,-1,3
1145,4.39299,5.0546,-1,3
1146,4.39799,5.044,-1,3
1147,4.40298,5.0341,-1,3
1148,4.40797,5.0244,-1,3
1149,4.41293,5.0137,-1,3
1150,4.42285,5.0028,-1,3
1151,4.42779,4.9924,-1,3
1152,4.43272,4.9815,-1,3
1153,4.43763,4.9702,-1,3
1154,4.44254,4.959,-1,3
1155,4.44744,4.9479,-1,3
1156,4.45233,4.9364,-1,3
1157,4.4572,4.9248,-1,3
1158,4.46207,4.9135,-1,3
1159,4.46692,4.9032,-1,3
1160,4.47177,4.8927,-1,3
1161,4.47661,4.8816,-1,3
1162,4.48143,4.8712,-1,3
1163,4.48625,4.8613,-1,3
1164,4.49106,4.8513,-1,3
1165,4.49585,4.8412,-1,3
1166,4.50064,4.8316,-1,3
1167,4.50542,4.8221,-1,3
1168,4.51019,4.8122,-1,3
1169,4.51495,4.8023,-1,3
1170,4.5197,4.7913,-1,3
1171,4.52443,4.7811,-1,3
1172,4.53389,4.7705,-1,3
1173,4.5386,4.7601,-1,3
1174,4.5433,4.7496,-1,3
1175,4.54799,4.7393,-1,3
1176,4.55267,4.7281,-1,3
1177,4.55734,4.717,-1,3
1178,4.562,4.7062,-1,3
1179,4.56665,4.6957,-1,3
1180,4.57129,4.6861,-1,3
1181,4.58054,4.675,-1,3
1182,4.58054,4.6642,-1,3
1183,4.58976,4.6537,-1,3
1184,4.59436,4.6431,-1,3
1185,4.59436,4.6324,-1,3
1186,4.59894,4.6232,-1,3
1187,4.60352,4.6133,-1,3
1188,4.61265,4.6034,-1,3
1189,4.61721,4.5943,-1,3
1190,4.62176,4.5852,-1,3
1191,4.62631,4.5775,-1,3
1192,4.63084,4.5697,-1,3
1193,4.63537,4.562,-1,3
1194,4.63989,4.5547,-1,3
1195,4.64442,4.5482,-1,3
1196,4.64894,4.5418,-1,3
1197,4.65345,4.5366,-1,3
1198,4.65796,4.531,-1,3
1199,4.66246,4.5251,-1,3
1200,4.66697,4.5204,-1,3
1201,4.67147,4.5162,-1,3
1202,4.67598,4.5137,-1,3
1203,4.68049,4.5117,-1,3
1204,4.685,4.5101,-1,3
1205,4.6895,4.5088,-1,3
1206,4.69401,4.5077,-1,3
1207,4.69853,4.5073,-1,3
1208,4.70306,4.5094,-1,3
1209,4.70759,4.5129,-1,3
1210,4.71214,4.5171,-1,3
1211,4.71669,4.5218,-1,3
1212,4.72125,4.5268,-1,3
1213,4.72582,4.5331,-1,3
1214,4.73041,4.5414,-1,3
1215,4.73502,4.5513,-1,3
1216,4.73964,4.5625,-1,3
1217,4.74427,4.5745,-1,3
1218,4.74892,4.5866,-1,3
1219,4.75359,4.5996,-1,3
1220,4.75828,4.6141,-1,3
1221,4.763,4.6308,-1,3
1222,4.76773,4.6485,-1,3
1223,4.77248,4.6664,-1,3
1224,4.77726,4.6846,-1,3
1225,4.78206,4.7068,-1,3
1226,4.78689,4.7306,-1,3
1227,4.79175,4.7555,-1,3
1228,4.79664,4.7816,-1,3
1229,4.80155,4.8089,-1,3
1230,4.81146,4.8376,-1,3
1231,4.81647,4.8671,-1,3
1232,4.82152,4.8984,-1,3
1233,4.8266,4.931,-1,3
1234,4.83171,4.9649,-1,3
1235,4.83686,4.9967,-1,3
1236,4.84205,5.0297,-1,3
1237,4.84728,5.0643,-1,3
1238,4.85255,5.1003,-1,3
1239,4.85785,5.1368,-1,3
1240,4.8632,5.174,-1,3
1241,4.8686,5.2121,-1,3
1242,4.87403,5.2508,-1,3
1243,4.87951,5.2912,-1,3
1244,4.88504,5.3366,-1,3
1245,4.8906,5.3785,-1,3
1246,4.89622,5.4207,-1,3
1247,4.90188,5.4642,-1,3
1248,4.90758,5.5076,-1,3
1249,4.91333,5.5521,-1,3
1250,4.91913,5.5969,-1,3
1251,4.92498,5.6424,-1,3
1252,4.93087,5.6925,-1,3
1253,4.93681,5.7424,-1,3
1254,4.94881,5.7882,-1,3
1255,4.95488,5.8386,-1,3
1256,4.961,5.8889,-1,3
1257,4.96715,5.9378,-1,3
1258,4.97334,5.987,-1,3
1259,4.97958,6.0354,-1,3
1260,4.98585,6.0833,-1,3
1261,4.99217,6.1296,-1,3
1262,4.99851,6.1735,-1,3
1263,5.0113,6.2168,-1,3
1264,5.01774,6.2587,-1,3
1265,5.02422,6.299,-1,3
1266,5.03072,6.3376,-1,3
1267,5.03725,6.3752,-1,3
1268,5.0438,6.4108,-1,3
1269,5.05037,6.4449,-1,3
1270,5.05697,6.4773,-1,3
1271,5.06359,6.5081,-1,3
1272,5.07023,6.5344,-1,3
1273,5.07689,6.5587,-1,3
1274,5.08356,6.5819,-1,3
1275,5.09025,6.6033,-1,3
1276,5.09695,6.6232,-1,3
1277,5.10366,6.6417,-1,3
1278,5.11039,6.6592,-1,3
1279,5.11712,6.6746,-1,3
1280,5.12386,6.6888,-1,3
1281,5.13061,6.7027,-1,3
1282,5.14413,6.7145,-1,3
1283,5.15089,6.7249,-1,3
1284,5.15765,6.7335,-1,3
1285,5.16441,6.7414,-1,3
1286,5.17118,6.7476,-1,3
1287,5.17794,6.7523,-1,3
1288,5.1847,6.7557,-1,3
1289,5.19146,6.7585,-1,3
1290,5.1982,6.7591,-1,3
1291,5.20494,6.7572,-1,3
1292,5.21841,6.7544,-1,3
1293,5.22513,6.7505,-1,3
1294,5.23184,6.7451,-1,3
1295,5.23854,6.7385,-1,3
1296,5.24523,6.7312,-1,3
1297,5.25191,6.7236,-1,3
1298,5.25858,6.7144,-1,3
1299,5.26524,6.7045,-1,3
1300,5.27188,6.6943,-1,3
1301,5.27852,6.6843,-1,3
1302,5.28515,6.6737,-1,3
1303,5.29176,6.6629,-1,3
1304,5.29836,6.6522,-1,3
1305,5.30495,6.6411,-1,3
1306,5.31152,6.6294,-1,3
1307,5.31808,6.6169,-1,3
1308,5.32462,6.6043,-1,3
1309,5.33116,6.5919,-1,3
1310,5.33768,6.5793,-1,3
1311,5.34418,6.5662,-1,3
1312,5.35068,6.5536,-1,3
1313,5.35716,6.5405,-1,3
1314,5.36363,6.5269,-1,3
1315,5.37008,6.513,-1,3
1316,5.37652,6.5001,-1,3
1317,5.38295,6.4871,-1,3
1318,5.38937,6.4745,-1,3
1319,5.39577,6.4612,-1,3
1320,5.40216,6.4478,-1,3
1321,5.40853,6.4342,-1,3
1322,5.41489,6.4206,-1,3
1323,5.42123,6.407,-1,3
1324,5.42756,6.3936,-1,3
1325,5.43387,6.3796,-1,3
1326,5.44017,6.365,-1,3
1327,5.44646,6.3506,-1,3
1328,5.45899,6.3345,-1,3
1329,5.46523,6.3185,-1,3
1330,5.47145,6.302,-1,3
1331,5.47145,6.2859,-1,3
1332,5.47766,6.2694,-1,3
1333,5.49004,6.2533,-1,3
1334,5.49621,6.2368,-1,3
1335,5.50236,6.2207,-1,3
1336,5.50849,6.2045,-1,3
1337,5.51462,6.1883,-1,3
1338,5.52072,6.1733,-1,3
1339,5.52682,6.1585,-1,3
1340,5.5329,6.1444,-1,3
1341,5.53896,6.1297,-1,3
1342,5.54501,6.1151,-1,3
1343,5.55104,6.0999,-1,3
1344,5.55707,6.0859,-1,3
1345,5.56308,6.0722,-1,3
1346,5.56908,6.0589,-1,3
1347,5.57507,6.0441,-1,3
1348,5.58105,6.0296,-1,3
1349,5.58701,6.0149,-1,3
1350,5.59295,6.0015,-1,3
1351,5.59888,5.9882,-1,3
1352,5.6048,5.9753,-1,3
1353,5.61072,5.9631,-1,3
1354,5.61661,5.9504,-1,3
1355,5.62249,5.9373,-1,3
1356,5.62836,5.9238,-1,3
1357,5.64005,5.9103,-1,3
1358,5.64589,5.8974,-1,3
1359,5.65171,5.8847,-1,3
1360,5.65751,5.8703,-1,3
1361,5.66329,5.8561,-1,3
1362,5.66907,5.842,-1,3
1363,5.67485,5.8279,-1,3
1364,5.6806,5.8134,-1,3
1365,5.68633,5.7988,-1,3
1366,5.69206,5.7843,-1,3
1367,5.69777,5.7705,-1,3
1368,5.70347,5.7559,-1,3
1369,5.71483,5.7416,-1,3
1370,5.7205,5.7276,-1,3
1371,5.72615,5.7141,-1,3
1372,5.73179,5.7002,-1,3
1373,5.73742,5.6864,-1,3
1374,5.74304,5.6729,-1,3
1375,5.74865,5.6604,-1,3
1376,5.75425,5.648,-1,3
1377,5.75984,5.6364,-1,3
1378,5.76541,5.6254,-1,3
1379,5.77098,5.6143,-1,3
1380,5.77653,5.6034,-1,3
1381,5.78207,5.5922,-1,3
1382,5.7876,5.5813,-1,3
1383,5.79312,5.5702,-1,3
1384,5.79863,5.5589,-1,3
1385,5.8096,5.5463,-1,3
1386,5.81507,5.5334,-1,3
1387,5.82053,5.5208,-1,3
1388,5.82597,5.5073,-1,3
1389,5.83141,5.494,-1,3
1390,5.83682,5.4804,-1,3
1391,5.84223,5.4669,-1,3
1392,5.84762,5.4531,-1,3
1393,5.853,5.439,-1,3
1394,5.85837,5.4252,-1,3
1395,5.86373,5.4122,-1,3
1396,5.86907,5.3995,-1,3
1397,5.8744,5.3851,-1,3
1398,5.87972,5.3717,-1,3
1399,5.89032,5.3578,-1,3
1400,5.8956,5.3447,-1,3
1401,5.8956,5.331,-1,3
1402,5.90087,5.3171,-1,3
1403,5.90613,5.3046,-1,3
1404,5.91138,5.2927,-1,3
1405,5.91661,5.2812,-1,3
1406,5.92184,5.2694,-1,3
1407,5.92705,5.2589,-1,3
1408,5.93225,5.247,-1,3
1409,5.93744,5.2357,-1,3
1410,5.94779,5.224,-1,3
1411,5.95295,5.213,-1,3
1412,5.95809,5.2021,-1,3
1413,5.95809,5.19,-1,3
1414,5.96323,5.1786,-1,3
1415,5.96835,5.1667,-1,3
1416,5.97346,5.1556,-1,3
1417,5.97856,5.1446,-1,3
1418,5.98365,5.135,-1,3
1419,5.98873,5.1236,-1,3
1420,5.9938,5.1124,-1,3
1421,6.0039,5.1013,-1,3
1422,6.00894,5.0904,-1,3
1423,6.01397,5.0796,-1,3
1424,6.01397,5.0676,-1,3
1425,6.01898,5.057,-1,3
1426,6.02398,5.046,-1,3
1427,6.02897,5.0349,-1,3
1428,6.03395,5.0232,-1,3
1429,6.0439,5.0137,-1,3
1430,6.04886,5.0039,-1,3
1431,6.0538,4.9936,-1,3
1432,6.05874,4.9836,-1,3
1433,6.06367,4.9739,-1,3
1434,6.06859,4.965,-1,3
1435,6.07351,4.9549,-1,3
1436,6.07841,4.9438,-1,3
1437,6.0833,4.9334,-1,3
1438,6.08819,4.9243,-1,3
1439,6.09796,4.9155,-1,3
1440,6.10283,4.907,-1,3
1441,6.10769,4.899,-1,3
1442,6.11255,4.8908,-1,3
1443,6.11741,4.8836,-1,3
1444,6.12226,4.8764,-1,3
1445,6.12711,4.8698,-1,3
1446,6.13194,4.8643,-1,3
1447,6.13678,4.859,-1,3
1448,6.14161,4.8534,-1,3
1449,6.14643,4.8479,-1,3
1450,6.15127,4.8438,-1,3
1451,6.1561,4.8408,-1,3
1452,6.16093,4.8381,-1,3
1453,6.16575,4.8347,-1,3
1454,6.17058,4.8323,-1,3
1455,6.17541,4.8308,-1,3
1456,6.18025,4.8308,-1,3
1457,6.18509,4.8311,-1,3
1458,6.18993,4.8324,-1,3
1459,6.19478,4.8342,-1,3
1460,6.19963,4.8364,-1,3
1461,6.20936,4.8401,-1,3
1462,6.21424,4.8451,-1,3
1463,6.21913,4.8516,-1,3
1464,6.22403,4.8589,-1,3
1465,6.22894,4.8672,-1,3
1466,6.23387,4.8762,-1,3
1467,6.23882,4.8867,-1,3
1468,6.24377,4.898,-1,3
1469,6.24874,4.9103,-1,3
1470,6.25372,4.9231,-1,3
1471,6.25872,4.9361,-1,3
1472,6.26374,4.9504,-1,3
1473,6.26878,4.9675,-1,3
1474,6.27892,4.9853,-1,3
1475,6.28402,5.0037,-1,3
1476,6.28402,5.0233,-1,3
1477,6.28914,5.0415,-1,3
1478,6.29429,5.061,-1,3
1479,6.29946,5.081,-1,3
1480,6.30466,5.1024,-1,3
1481,6.30988,5.1244,-1,3
1482,6.31513,5.1473,-1,3
1483,6.32041,5.1689,-1,3
1484,6.32571,5.1941,-1,3
1485,6.3364,5.2201,-1,3
1486,6.34179,5.2466,-1,3
1487,6.34722,5.2768,-1,3
1488,6.35267,5.3077,-1,3
1489,6.35816,5.3399,-1,3
1490,6.36368,5.3719,-1,3
1491,6.36923,5.4048,-1,3
1492,6.37482,5.4384,-1,3
1493,6.38044,5.4734,-1,3
1494,6.3861,5.5093,-1,3
1495,6.39752,5.5461,-1,3
1496,6.40328,5.5835,-1,3
1497,6.40908,5.6205,-1,3
1498,6.41491,5.6576,-1,3
1499,6.42077,5.6951,-1,3
1500,6.42668,5.7334,-1,3
1501,6.43261,5.7721,-1,3
1502,6.43858,5.8106,-1,3
1503,6.44459,5.8487,-1,3
1504,6.45062,5.8827,-1,3
1505,6.45669,5.9164,-1,3
1506,6.46278,5.9496,-1,3
1507,6.46891,5.9825,-1,3
1508,6.47506,6.0146,-1,3
1509,6.48124,6.046,-1,3
1510,6.48744,6.0763,-1,3
1511,6.49367,6.1056,-1,3
1512,6.49992,6.1338,-1,3
1513,6.5062,6.1613,-1,3
1514,6.5125,6.1883,-1,3
1515,6.51883,6.2141,-1,3
1516,6.52517,6.2387,-1,3
1517,6.53153,6.2622,-1,3
1518,6.5379,6.2848,-1,3
1519,6.54429,6.3058,-1,3
1520,6.5507,6.3266,-1,3
1521,6.55713,6.3462,-1,3
1522,6.56357,6.3644,-1,3
1523,6.57001,6.381,-1,3
1524,6.57648,6.3973,-1,3
1525,6.58295,6.4124,-1,3
1526,6.58943,6.4267,-1,3
1527,6.59593,6.44,-1,3
1528,6.60243,6.4529,-1,3
1529,6.60894,6.4651,-1,3
1530,6.61547,6.4762,-1,3
1531,6.62199,6.4861,-1,3
1532,6.62852,6.496,-1,3
1533,6.63506,6.5052,-1,3
1534,6.64161,6.5132,-1,3
1535,6.64815,6.5204,-1,3
1536,6.6547,6.527,-1,3
1537,6.6678,6.5331,-1,3
1538,6.67436,6.5379,-1,3
1539,6.68091,6.542,-1,3
1540,6.68746,6.5447,-1,3
1541,6.69401,6.5467,-1,3
1542,6.70056,6.5482,-1,3
1543,6.7071,6.5491,-1,3
1544,6.71365,6.5491,-1,3
1545,6.72019,6.5485,-1,3
1546,6.72673,6.5465,-1,3
1547,6.73978,6.5439,-1,3
1548,6.7463,6.5407,-1,3
1549,6.75282,6.5369,-1,3
1550,6.75933,6.5329,-1,3
1551,6.76583,6.5288,-1,3
1552,6.77233,6.5238,-1,3
1553,6.77882,6.5182,-1,3
1554,6.78531,6.5124,-1,3
1555,6.79179,6.5066,-1,3
1556,6.79827,6.5012,-1,3
1557,6.80474,6.4956,-1,3
1558,6.8112,6.4899,-1,3
1559,6.81766,6.484,-1,3
1560,6.82411,6.478,-1,3
1561,6.83056,6.4723,-1,3
1562,6.837,6.4664,-1,3
1563,6.84343,6.4607,-1,3
1564,6.84986,6.4548,-1,3
1565,6.85628,6.4488,-1,3
1566,6.8627,6.4424,-1,3
1567,6.86911,6.4354,-1,3
1568,6.8819,6.4284,-1,3
1569,6.88829,6.4219,-1,3
1570,6.89467,6.415,-1,3
1571,6.90105,6.4073,-1,3
1572,6.90741,6.3996,-1,3
1573,6.91377,6.392,-1,3
1574,6.92012,6.3842,-1,3
1575,6.92646,6.3762,-1,3
1576,6.93279,6.3682,-1,3
1577,6.93912,6.3608,-1,3
1578,6.94543,6.3528,-1,3
1579,6.95805,6.3439,-1,3
1580,6.95805,6.3352,-1,3
1581,6.96434,6.3274,-1,3
1582,6.97063,6.3196,-1,3
1583,6.97691,6.3114,-1,3
1584,6.98317,6.3031,-1,3
1585,6.98943,6.2951,-1,3
1586,6.99568,6.287,-1,3
1587,7.00193,6.2788,-1,3
1588,7.00816,6.2695,-1,3
1589,7.0206,6.2608,-1,3
1590,7.02681,6.2524,-1,3
1591,7.03301,6.2429,-1,3
1592,7.0392,6.2334,-1,3
1593,7.04538,6.2242,-1,3
1594,7.05156,6.2149,-1,3
1595,7.05772,6.2054,-1,3
1596,7.06388,6.1959,-1,3
1597,7.07003,6.1853,-1,3
1598,7.07617,6.1767,-1,3
1599,7.08843,6.1677,-1,3
1600,7.09454,6.1583,-1,3
1601,7.10064,6.1486,-1,3
1602,7.10673,6.1387,-1,3
1603,7.11281,6.1285,-1,3
1604,7.11889,6.1188,-1,3
1605,7.12495,6.1085,-1,3
1606,7.13101,6.0984,-1,3
1607,7.13705,6.0886,-1,3
1608,7.14309,6.0787,-1,3
1609,7.14911,6.0686,-1,3
1610,7.15512,6.0583,-1,3
1611,7.16113,6.049,-1,3
1612,7.16713,6.0399,-1,3
1613,7.17312,6.0302,-1,3
1614,7.17909,6.0202,-1,3
1615,7.18506,6.0109,-1,3
1616,7.19102,6.001,-1,3
1617,7.19697,5.9918,-1,3
1618,7.20291,5.9819,-1,3
1619,7.20884,5.9728,-1,3
1620,7.21476,5.9637,-1,3
1621,7.22067,5.9544,-1,3
1622,7.22658,5.945,-1,3
1623,7.23248,5.9364,-1,3
1624,7.23836,5.9272,-1,3
1625,7.24424,5.9176,-1,3
1626,7.2501,5.9082,-1,3
1627,7.25596,5.8989,-1,3
1628,7.2618,5.8897,-1,3
1629,7.26764,5.8802,-1,3
1630,7.27347,5.8709,-1,3
1631,7.27929,5.8616,-1,3
1632,7.2851,5.852,-1,3
1633,7.2909,5.8422,-1,3
1634,7.29669,5.8324,-1,3
1635,7.30246,5.8222,-1,3
1636,7.30823,5.8124,-1,3
1637,7.31398,5.8023,-1,3
1638,7.31973,5.7923,-1,3
1639,7.32546,5.7818,-1,3
1640,7.33118,5.77,-1,3
1641,7.33689,5.7579,-1,3
1642,7.34829,5.746,-1,3
1643,7.35397,5.734,-1,3
1644,7.35964,5.7226,-1,3
1645,7.3653,5.7116,-1,3
1646,7.37095,5.7004,-1,3
1647,7.37659,5.6887,-1,3
1648,7.38222,5.6769,-1,3
1649,7.39345,5.6646,-1,3
1650,7.39345,5.6538,-1,3
1651,7.40464,5.6426,-1,3
1652,7.41022,5.6311,-1,3
1653,7.41578,5.6198,-1,3
1654,7.41578,5.609,-1,3
1655,7.42135,5.5992,-1,3
1656,7.4269,5.5895,-1,3
1657,7.43245,5.58,-1,3
1658,7.43798,5.571,-1,3
1659,7.44352,5.5623,-1,3
1660,7.44904,5.5538,-1,3
1661,7.45456,5.5461,-1,3
1662,7.46557,5.5386,-1,3
1663,7.47107,5.5314,-1,3
1664,7.47656,5.5243,-1,3
1665,7.47656,5.5172,-1,3
1666,7.48754,5.51,-1,3
1667,7.49301,5.5033,-1,3
1668,7.49849,5.4968,-1,3
1669,7.50396,5.4916,-1,3
1670,7.50943,5.4871,-1,3
1671,7.5149,5.4829,-1,3
1672,7.52036,5.4789,-1,3
1673,7.52582,5.4752,-1,3
1674,7.53675,5.4727,-1,3
1675,7.54221,5.47,-1,3
1676,7.54221,5.4683,-1,3
1677,7.55315,5.4673,-1,3
1678,7.55862,5.4675,-1,3
1679,7.5641,5.4686,-1,3
1680,7.56959,5.4699,-1,3
1681,7.57508,5.4723,-1,3
1682,7.58058,5.4762,-1,3
1683,7.58609,5.4811,-1,3
1684,7.59161,5.4864,-1,3
1685,7.59714,5.4931,-1,3
1686,7.60269,5.5006,-1,3
1687,7.60824,5.5096,-1,3
1688,7.61381,5.5193,-1,3
1689,7.6194,5.5299,-1,3
1690,7.625,5.5415,-1,3
1691,7.63062,5.5539,-1,3
1692,7.63626,5.5676,-1,3
1693,7.64192,5.5825,-1,3
1694,7.64759,5.5982,-1,3
1695,7.65329,5.6146,-1,3
1696,7.65901,5.6321,-1,3
1697,7.66474,5.65,-1,3
1698,7.67049,5.668,-1,3
1699,7.67628,5.6874,-1,3
1700,7.68209,5.7082,-1,3
1701,7.68792,5.7303,-1,3
1702,7.69378,5.7524,-1,3
1703,7.69966,5.778,-1,3
1704,7.71152,5.8043,-1,3
1705,7.71749,5.8313,-1,3
1706,7.72347,5.8582,-1,3
1707,7.72949,5.8861,-1,3
1708,7.73553,5.9155,-1,3
1709,7.74161,5.9458,-1,3
1710,7.74774,5.977,-1,3
1711,7.75389,6.0085,-1,3
1712,7.76007,6.0409,-1,3
1713,7.76629,6.071,-1,3
1714,7.77254,6.1017,-1,3
1715,7.77883,6.1374,-1,3
1716,7.79151,6.175,-1,3
1717,7.79151,6.2132,-1,3
1718,7.79791,6.2522,-1,3
1719,7.80434,6.2872,-1,3
1720,7.81082,6.3225,-1,3
1721,7.81733,6.3585,-1,3
1722,7.82389,6.3958,-1,3
1723,7.83048,6.4374,-1,3
1724,7.84378,6.4798,-1,3
1725,7.85049,6.5184,-1,3
1726,7.85724,6.5569,-1,3
1727,7.86403,6.5959,-1,3
1728,7.86403,6.6351,-1,3
1729,7.87085,6.6743,-1,3
1730,7.87772,6.7131,-1,3
1731,7.88461,6.7516,-1,3
1732,7.89155,6.7898,-1,3
1733,7.89852,6.8237,-1,3
1734,7.90553,6.8571,-1,3
1735,7.91256,6.8894,-1,3
1736,7.91963,6.9216,-1,3
1737,7.93385,6.9556,-1,3
1738,7.941,6.9879,-1,3
1739,7.941,7.0226,-1,3
1740,7.94818,7.0538,-1,3
1741,7.95537,7.0833,-1,3
1742,7.96259,7.1115,-1,3
1743,7.96982,7.138,-1,3
1744,7.97708,7.1626,-1,3
1745,7.98434,7.1857,-1,3
1746,7.99162,7.2083,-1,3
1747,7.99892,7.2262,-1,3
1748,8.01353,7.2424,-1,3
1749,8.02085,7.2568,-1,3
1750,8.02818,7.2724,-1,3
1751,8.02818,7.2865,-1,3
1752,8.03552,7.2981,-1,3
1753,8.04285,7.3079,-1,3
1754,8.05019,7.3163,-1,3
1755,8.05753,7.3237,-1,3
1756,8.06486,7.3285,-1,3
1757,8.07221,7.3317,-1,3
1758,8.08688,7.3338,-1,3
1759,8.0942,7.3346,-1,3
1760,8.10153,7.3346,-1,3
1761,8.10886,7.3333,-1,3
1762,8.10886,7.3318,-1,3
1763,8.11618,7.3305,-1,3
1764,8.12348,7.3277,-1,3
1765,8.13079,7.3242,-1,3
1766,8.13807,7.3188,-1,3
1767,8.14535,7.3115,-1,3
1768,8.15987,7.3039,-1,3
1769,8.16711,7.2956,-1,3
1770,8.17435,7.2861,-1,3
1771,8.18157,7.2755,-1,3
1772,8.18877,7.2639,-1,3
1773,8.19596,7.2507,-1,3
1774,8.20313,7.2374,-1,3
1775,8.2103,7.2236,-1,3
1776,8.21745,7.2099,-1,3
1777,8.22458,7.1964,-1,3
1778,8.23169,7.1818,-1,3
1779,8.24588,7.1664,-1,3
1780,8.25296,7.1504,-1,3
1781,8.26001,7.1343,-1,3
1782,8.26705,7.1179,-1,3
1783,8.27408,7.1018,-1,3
1784,8.2811,7.086,-1,3
1785,8.2881,7.0698,-1,3
1786,8.29509,7.0536,-1,3
1787,8.30206,7.0378,-1,3
1788,8.30902,7.0225,-1,3
1789,8.31596,7.0081,-1,3
1790,8.3229,6.994,-1,3
1791,8.32982,6.9804,-1,3
1792,8.33672,6.967,-1,3
1793,8.34361,6.9532,-1,3
1794,8.35049,6.9392,-1,3
1795,8.35735,6.9251,-1,3
1796,8.3642,6.9111,-1,3
1797,8.37104,6.8976,-1,3
1798,8.37786,6.8839,-1,3
1799,8.38466,6.8697,-1,3
1800,8.39145,6.8551,-1,3
1801,8.39822,6.8407,-1,3
1802,8.41173,6.825,-1,3
1803,8.41847,6.8093,-1,3
1804,8.42518,6.7932,-1,3
1805,8.43188,6.7766,-1,3
1806,8.43856,6.7603,-1,3
1807,8.44523,6.7435,-1,3
1808,8.45189,6.7272,-1,3
1809,8.45853,6.711,-1,3
1810,8.46516,6.6947,-1,3
1811,8.47836,6.6769,-1,3
1812,8.48495,6.6604,-1,3
1813,8.49152,6.6444,-1,3
1814,8.49807,6.6286,-1,3
1815,8.50462,6.6133,-1,3
1816,8.51115,6.5975,-1,3
1817,8.51767,6.5826,-1,3
1818,8.52417,6.5674,-1,3
1819,8.53066,6.5526,-1,3
1820,8.53714,6.538,-1,3
1821,8.54361,6.5249,-1,3
1822,8.55006,6.5115,-1,3
1823,8.5565,6.4984,-1,3
1824,8.56293,6.4859,-1,3
1825,8.56935,6.4732,-1,3
1826,8.57575,6.4607,-1,3
1827,8.58214,6.4475,-1,3
1828,8.58851,6.4342,-1,3
1829,8.59487,6.4209,-1,3
1830,8.60123,6.4084,-1,3
1831,8.60757,6.3959,-1,3
1832,8.62021,6.3817,-1,3
1833,8.6265,6.3674,-1,3
1834,8.63279,6.3525,-1,3
1835,8.63906,6.3383,-1,3
1836,8.64533,6.3246,-1,3
1837,8.65159,6.3118,-1,3
1838,8.65783,6.2984,-1,3
1839,8.66405,6.2851,-1,3
1840,8.67027,6.2712,-1,3
1841,8.67647,6.2574,-1,3
1842,8.68267,6.2462,-1,3
1843,8.69502,6.2332,-1,3
1844,8.70118,6.2203,-1,3
1845,8.70732,6.2074,-1,3
1846,8.71345,6.1938,-1,3
1847,8.71957,6.1795,-1,3
1848,8.72567,6.1661,-1,3
1849,8.73177,6.1532,-1,3
1850,8.73786,6.1405,-1,3
1851,8.74394,6.1278,-1,3
1852,8.74999,6.1138,-1,3
1853,8.75604,6.1017,-1,3
1854,8.76207,6.0896,-1,3
1855,8.7681,6.0781,-1,3
1856,8.77412,6.0666,-1,3
1857,8.78013,6.0555,-1,3
1858,8.78612,6.0441,-1,3
1859,8.79209,6.0321,-1,3
1860,8.79806,6.0198,-1,3
1861,8.80402,6.0081,-1,3
1862,8.80997,5.9971,-1,3
1863,8.8159,5.9859,-1,3
1864,8.82182,5.9742,-1,3
1865,8.82772,5.9617,-1,3
1866,8.83362,5.9499,-1,3
1867,8.83951,5.9384,-1,3
1868,8.84539,5.9269,-1,3
1869,8.85124,5.915,-1,3
1870,8.8571,5.9037,-1,3
1871,8.86293,5.8916,-1,3
1872,8.86876,5.8799,-1,3
1873,8.87458,5.868,-1,3
1874,8.88038,5.8568,-1,3
1875,8.88617,5.8452,-1,3
1876,8.89195,5.8334,-1,3
1877,8.89772,5.8209,-1,3
1878,8.90348,5.8092,-1,3
1879,8.90923,5.7981,-1,3
1880,8.91497,5.7869,-1,3
1881,8.92069,5.7757,-1,3
1882,8.92641,5.7644,-1,3
1883,8.93211,5.753,-1,3
1884,8.9378,5.7414,-1,3
1885,8.94348,5.7304,-1,3
1886,8.94915,5.7199,-1,3
1887,8.95482,5.7102,-1,3
1888,8.96048,5.7004,-1,3
1889,8.96613,5.6903,-1,3
1890,8.97177,5.68,-1,3
1891,8.9774,5.6707,-1,3
1892,8.98302,5.6612,-1,3
1893,8.98863,5.6519,-1,3
1894,8.99423,5.643,-1,3
1895,8.99982,5.6346,-1,3
1896,9.00541,5.6261,-1,3
1897,9.01099,5.6173,-1,3
1898,9.01656,5.6084,-1,3
1899,9.02213,5.6003,-1,3
1900,9.02769,5.5923,-1,3
1901,9.03324,5.5845,-1,3
1902,9.03879,5.5771,-1,3
1903,9.04433,5.5704,-1,3
1904,9.04987,5.564,-1,3
1905,9.0554,5.5579,-1,3
1906,9.06093,5.5519,-1,3
1907,9.06646,5.5466,-1,3
1908,9.07198,5.5416,-1,3
1909,9.0775,5.5367,-1,3
1910,9.08301,5.5324,-1,3
1911,9.08853,5.5282,-1,3
1912,9.09404,5.5252,-1,3
1913,9.09956,5.5226,-1,3
1914,9.10507,5.5199,-1,3
1915,9.11058,5.5175,-1,3
1916,9.11609,5.5162,-1,3
1917,9.12161,5.5153,-1,3
1918,9.12713,5.5153,-1,3
1919,9.13266,5.5157,-1,3
1920,9.13819,5.5172,-1,3
1921,9.14372,5.5191,-1,3
1922,9.14926,5.5213,-1,3
1923,9.1548,5.524,-1,3
1924,9.16035,5.5281,-1,3
1925,9.16591,5.5328,-1,3
1926,9.17147,5.5382,-1,3
1927,9.17705,5.5439,-1,3
1928,9.18264,5.5502,-1,3
1929,9.18823,5.5572,-1,3
1930,9.19383,5.5648,-1,3
1931,9.19945,5.5731,-1,3
1932,9.20508,5.5823,-1,3
1933,9.21072,5.5923,-1,3
1934,9.21637,5.6022,-1,3
1935,9.22204,5.6144,-1,3
1936,9.23341,5.6267,-1,3
1937,9.23912,5.6398,-1,3
1938,9.24484,5.6534,-1,3
1939,9.25057,5.6679,-1,3
1940,9.25633,5.6824,-1,3
1941,9.26209,5.6974,-1,3
1942,9.26788,5.7128,-1,3
1943,9.27367,5.7282,-1,3
1944,9.27949,5.7448,-1,3
1945,9.28532,5.7599,-1,3
1946,9.29117,5.777,-1,3
1947,9.30292,5.7948,-1,3
1948,9.30882,5.8129,-1,3
1949,9.31474,5.8317,-1,3
1950,9.32068,5.8508,-1,3
1951,9.32664,5.8705,-1,3
1952,9.33263,5.8902,-1,3
1953,9.33863,5.9112,-1,3
1954,9.34466,5.9326,-1,3
1955,9.35072,5.9551,-1,3
1956,9.35679,5.9763,-1,3
1957,9.36289,5.9974,-1,3
1958,9.36901,6.0193,-1,3
1959,9.37515,6.0412,-1,3
1960,9.38132,6.0642,-1,3
1961,9.38752,6.0876,-1,3
1962,9.39375,6.1127,-1,3
1963,9.40001,6.1379,-1,3
1964,9.4063,6.1636,-1,3
1965,9.41261,6.189,-1,3
1966,9.41895,6.2152,-1,3
1967,9.43169,6.2446,-1,3
1968,9.43812,6.2749,-1,3
1969,9.44458,6.3065,-1,3
1970,9.45106,6.3376,-1,3
1971,9.45757,6.3691,-1,3
1972,9.4641,6.399,-1,3
1973,9.47066,6.4293,-1,3
1974,9.47725,6.4598,-1,3
1975,9.48388,6.491,-1,3
1976,9.49052,6.5215,-1,3
1977,9.49719,6.5494,-1,3
1978,9.50388,6.576,-1,3
1979,9.51059,6.6011,-1,3
1980,9.51732,6.6266,-1,3
1981,9.52409,6.6522,-1,3
1982,9.53088,6.6774,-1,3
1983,9.53768,6.7014,-1,3
1984,9.5445,6.7245,-1,3
1985,9.55134,6.7463,-1,3
1986,9.55819,6.7674,-1,3
1987,9.56507,6.7878,-1,3
1988,9.57196,6.8078,-1,3
1989,9.57886,6.8268,-1,3
1990,9.58577,6.8446,-1,3
1991,9.5927,6.8607,-1,3
1992,9.59964,6.8766,-1,3
1993,9.60659,6.8911,-1,3
1994,9.61354,6.9043,-1,3
1995,9.6205,6.9166,-1,3
1996,9.62748,6.9285,-1,3
1997,9.63446,6.9391,-1,3
1998,9.64143,6.9479,-1,3
1999,9.64841,6.9553,-1,3
2000,9.66237,6.9618,-1,3
2001,9.66935,6.9671,-1,3
2002,9.67632,6.9699,-1,3
2003,9.68329,6.9718,-1,3
2004,9.69025,6.9732,-1,3
2005,9.69722,6.9737,-1,3
2006,9.70418,6.9723,-1,3
2007,9.71113,6.9694,-1,3
2008,9.71808,6.9664,-1,3
2009,9.73195,6.9623,-1,3
2010,9.73888,6.957,-1,3
2011,9.74581,6.9514,-1,3
2012,9.75272,6.9458,-1,3
2013,9.75963,6.9398,-1,3
2014,9.76652,6.9323,-1,3
2015,9.77341,6.9243,-1,3
2016,9.78029,6.9163,-1,3
2017,9.78716,6.9087,-1,3
2018,9.79402,6.9004,-1,3
2019,9.80088,6.8929,-1,3
2020,9.80773,6.8847,-1,3
2021,9.81456,6.8756,-1,3
2022,9.82138,6.8663,-1,3
2023,9.8282,6.8575,-1,3
2024,9.83501,6.8494,-1,3
2025,9.84181,6.8409,-1,3
2026,9.84861,6.8325,-1,3
2027,9.85539,6.8233,-1,3
2028,9.86215,6.8129,-1,3
2029,9.8689,6.8017,-1,3
2030,9.87564,6.7914,-1,3
2031,9.88238,6.7818,-1,3
2032,9.8891,6.7719,-1,3
2033,9.89581,6.7609,-1,3
2034,9.90251,6.7496,-1,3
2035,9.90919,6.7378,-1,3
2036,9.91587,6.726,-1,3
2037,9.92253,6.7143,-1,3
2038,9.92919,6.7036,-1,3
2039,9.93583,6.6928,-1,3
2040,9.94245,6.6814,-1,3
2041,9.94907,6.6691,-1,3
2042,9.95567,6.6572,-1,3
2043,9.96885,6.6451,-1,3
2044,9.97543,6.6326,-1,3
2045,9.97543,6.6204,-1,3
2046,9.98199,6.6078,-1,3
2047,9.98854,6.5964,-1,3
2048,9.99508,6.5852,-1,3
2049,10.0016,6.5746,-1,3
2050,10.0081,6.5629,-1,3
2051,10.0212,6.5517,-1,3
2052,10.0276,6.5402,-1,3
2053,10.0341,6.5294,-1,3
2054,10.0406,6.5192,-1,3
2055,10.0471,6.5093,-1,3
2056,10.0535,6.499,-1,3
2057,10.0599,6.4876,-1,3
2058,10.0664,6.4764,-1,3
2059,10.0728,6.4649,-1,3
2060,10.0792,6.4547,-1,3
2061,10.0856,6.444,-1,3
2062,10.092,6.4335,-1,3
2063,10.0984,6.4225,-1,3
2064,10.1047,6.4115,-1,3
2065,10.1111,6.4003,-1,3
2066,10.1174,6.3897,-1,3
2067,10.1237,6.3785,-1,3
2068,10.13,6.3671,-1,3
2069,10.1363,6.3558,-1,3
2070,10.1426,6.3446,-1,3
2071,10.1489,6.3334,-1,3
2072,10.1552,6.3222,-1,3
2073,10.1615,6.312,-1,3
2074,10.1677,6.3018,-1,3
2075,10.174,6.2913,-1,3
2076,10.1802,6.2808,-1,3
2077,10.1864,6.2717,-1,3
2078,10.1927,6.2629,-1,3
2079,10.1989,6.2543,-1,3
2080,10.2051,6.2454,-1,3
2081,10.2113,6.2374,-1,3
2082,10.2237,6.2292,-1,3
2083,10.2299,6.2205,-1,3
2084,10.236,6.2115,-1,3
2085,10.2422,6.2034,-1,3
2086,10.2484,6.1959,-1,3
2087,10.2545,6.1879,-1,3
2088,10.2607,6.1804,-1,3
2089,10.2668,6.1731,-1,3
2090,10.2729,6.1663,-1,3
2091,10.2791,6.1588,-1,3
2092,10.2852,6.1519,-1,3
2093,10.2913,6.1456,-1,3
2094,10.2974,6.1399,-1,3
2095,10.3036,6.1343,-1,3
2096,10.3158,6.1282,-1,3
2097,10.3158,6.1223,-1,3
2098,10.3218,6.1165,-1,3
2099,10.3279,6.1109,-1,3
2100,10.3401,6.1059,-1,3
2101,10.3462,6.1013,-1,3
2102,10.3523,6.0965,-1,3
2103,10.3584,6.0915,-1,3
2104,10.3644,6.0871,-1,3
2105,10.3705,6.0831,-1,3
2106,10.3766,6.0798,-1,3
2107,10.3826,6.0766,-1,3
2108,10.3887,6.073,-1,3
2109,10.3947,6.0695,-1,3
2110,10.4008,6.0661,-1,3
2111,10.4068,6.063,-1,3
2112,10.4129,6.061,-1,3
2113,10.4189,6.059,-1,3
2114,10.425,6.0565,-1,3
2115,10.431,6.0535,-1,3
2116,10.4371,6.0507,-1,3
2117,10.4431,6.0484,-1,3
2118,10.4491,6.0465,-1,3
2119,10.4612,6.044,-1,3
2120,10.4672,6.042,-1,3
2121,10.4733,6.0407,-1,3
2122,10.4793,6.0391,-1,3
2123,10.4853,6.0378,-1,3
2124,10.4914,6.0368,-1,3
2125,10.4974,6.0363,-1,3
2126,10.5035,6.0359,-1,3
2127,10.5095,6.0354,-1,3
2128,10.5155,6.035,-1,3
2129,10.5216,6.0353,-1,3
2130,10.5276,6.0355,-1,3
2131,10.5336,6.0355,-1,3
2132,10.5397,6.036,-1,3
2133,10.5457,6.0366,-1,3
2134,10.5518,6.0377,-1,3
2135,10.5578,6.0389,-1,3
2136,10.5639,6.0404,-1,3
2137,10.5699,6.0423,-1,3
2138,10.576,6.0446,-1,3
2139,10.582,6.0477,-1,3
2140,10.5881,6.0511,-1,3
2141,10.5942,6.0549,-1,3
2142,10.6003,6.059,-1,3
2143,10.6064,6.0642,-1,3
2144,10.6125,6.0698,-1,3
2145,10.6186,6.076,-1,3
2146,10.6247,6.0827,-1,3
2147,10.6308,6.0903,-1,3
2148,10.637,6.0987,-1,3
2149,10.6431,6.1078,-1,3
2150,10.6493,6.1174,-1,3
2151,10.6555,6.1277,-1,3
2152,10.6616,6.1387,-1,3
2153,10.6679,6.1503,-1,3
2154,10.6741,6.1625,-1,3
2155,10.6803,6.1759,-1,3
2156,10.6866,6.1898,-1,3
2157,10.6929,6.2039,-1,3
2158,10.6991,6.2181,-1,3
2159,10.7054,6.233,-1,3
2160,10.7118,6.248,-1,3
2161,10.7181,6.2638,-1,3
2162,10.7244,6.2798,-1,3
2163,10.7372,6.2979,-1,3
2164,10.7436,6.3166,-1,3
2165,10.75,6.3355,-1,3
2166,10.7565,6.3547,-1,3
2167,10.763,6.3751,-1,3
2168,10.7695,6.3963,-1,3
2169,10.776,6.4172,-1,3
2170,10.7825,6.4388,-1,3
2171,10.7891,6.4612,-1,3
2172,10.7957,6.4841,-1,3
2173,10.8023,6.5057,-1,3
2174,10.8089,6.53,-1,3
2175,10.8155,6.5522,-1,3
2176,10.8222,6.5751,-1,3
2177,10.8289,6.5982,-1,3
2178,10.8357,6.6215,-1,3
2179,10.8424,6.6458,-1,3
2180,10.8492,6.6705,-1,3
2181,10.856,6.6952,-1,3
2182,10.8628,6.7205,-1,3
2183,10.8697,6.7464,-1,3
2184,10.8766,6.7698,-1,3
2185,10.8835,6.7959,-1,3
2186,10.8904,6.822,-1,3
2187,10.8974,6.8485,-1,3
2188,10.9044,6.8751,-1,3
2189,10.9114,6.9012,-1,3
2190,10.9185,6.9276,-1,3
2191,10.9256,6.9538,-1,3
2192,10.9398,6.9821,-1,3
2193,10.9469,7.0101,-1,3
2194,10.9541,7.0384,-1,3
2195,10.9613,7.0659,-1,3
2196,10.9685,7.0931,-1,3
2197,10.9757,7.1194,-1,3
2198,10.983,7.1451,-1,3
2199,10.9902,7.1711,-1,3
2200,10.9975,7.196,-1,3
2201,11.0049,7.2207,-1,3
2202,11.0122,7.2439,-1,3
2203,11.0269,7.2659,-1,3
2204,11.0343,7.2876,-1,3
2205,11.0343,7.3092,-1,3
2206,11.0417,7.3286,-1,3
2207,11.0491,7.3474,-1,3
2208,11.0565,7.3649,-1,3
2209,11.064,7.3815,-1,3
2210,11.0714,7.3988,-1,3
2211,11.0789,7.4143,-1,3
2212,11.0938,7.4273,-1,3
2213,11.1013,7.44,-1,3
2214,11.1088,7.4511,-1,3
2215,11.1088,7.4606,-1,3
2216,11.1163,7.4701,-1,3
2217,11.1238,7.4779,-1,3
2218,11.1313,7.4857,-1,3
2219,11.1388,7.492,-1,3
2220,11.1539,7.4953,-1,3
2221,11.1614,7.4979,-1,3
2222,11.1688,7.4991,-1,3
2223,11.1763,7.4991,-1,3
2224,11.1838,7.4976,-1,3
2225,11.1913,7.4956,-1,3
2226,11.1988,7.4923,-1,3
2227,11.2062,7.4883,-1,3
2228,11.2137,7.4827,-1,3
2229,11.2211,7.4762,-1,3
2230,11.2285,7.469,-1,3
2231,11.236,7.4616,-1,3
2232,11.2434,7.4541,-1,3
2233,11.2508,7.4439,-1,3
2234,11.2582,7.4328,-1,3
2235,11.2729,7.4214,-1,3
2236,11.2803,7.4109,-1,3
2237,11.2803,7.3998,-1,3
2238,11.2876,7.3897,-1,3
2239,11.295,7.3788,-1,3
2240,11.3096,7.3666,-1,3
2241,11.3169,7.3537,-1,3
2242,11.3242,7.3404,-1,3
2243,11.3314,7.3291,-1,3
2244,11.3387,7.3176,-1,3
2245,11.3459,7.3052,-1,3
2246,11.3532,7.2916,-1,3
2247,11.3604,7.2782,-1,3
2248,11.3676,7.2634,-1,3
2249,11.3748,7.2492,-1,3
2250,11.382,7.2359,-1,3
2251,11.3891,7.2223,-1,3
2252,11.3962,7.2084,-1,3
2253,11.4034,7.194,-1,3
2254,11.4105,7.1799,-1,3
2255,11.4176,7.1665,-1,3
2256,11.4247,7.1531,-1,3
2257,11.4318,7.1395,-1,3
2258,11.4388,7.1255,-1,3
2259,11.4459,7.111,-1,3
2260,11.4529,7.0973,-1,3
2261,11.4599,7.0844,-1,3
2262,11.467,7.0715,-1,3
2263,11.474,7.0585,-1,3
2264,11.481,7.0456,-1,3
2265,11.4879,7.0314,-1,3
2266,11.4949,7.0174,-1,3
2267,11.5018,7.0036,-1,3
2268,11.5088,6.9906,-1,3
2269,11.5157,6.978,-1,3
2270,11.5226,6.9655,-1,3
2271,11.5295,6.952,-1,3
2272,11.5364,6.9386,-1,3
2273,11.5432,6.9245,-1,3
2274,11.5501,6.9105,-1,3
2275,11.5569,6.8975,-1,3
2276,11.5637,6.8849,-1,3
2277,11.5705,6.8718,-1,3
2278,11.5773,6.8585,-1,3
2279,11.5841,6.8447,-1,3
2280,11.5909,6.8306,-1,3
2281,11.5976,6.8168,-1,3
2282,11.6044,6.8029,-1,3
2283,11.6111,6.7898,-1,3
2284,11.6178,6.7768,-1,3
2285,11.6245,6.7631,-1,3
2286,11.6312,6.7491,-1,3
2287,11.6379,6.7361,-1,3
2288,11.6446,6.7233,-1,3
2289,11.6512,6.7102,-1,3
2290,11.6579,6.6966,-1,3
2291,11.6645,6.6833,-1,3
2292,11.6711,6.6704,-1,3
2293,11.6777,6.658,-1,3
2294,11.6843,6.6455,-1,3
2295,11.6909,6.6335,-1,3
2296,11.6974,6.6216,-1,3
2297,11.704,6.6096,-1,3
2298,11.7105,6.5974,-1,3
2299,11.7171,6.5863,-1,3
2300,11.7236,6.5752,-1,3
2301,11.7301,6.5638,-1,3
2302,11.7366,6.5526,-1,3
2303,11.7431,6.5413,-1,3
2304,11.7496,6.5304,-1,3
2305,11.7561,6.5197,-1,3
2306,11.7625,6.5089,-1,3
2307,11.769,6.4972,-1,3
2308,11.7754,6.4858,-1,3
2309,11.7818,6.4746,-1,3
2310,11.7882,6.4632,-1,3
2311,11.7946,6.4518,-1,3
2312,11.801,6.4403,-1,3
2313,11.8074,6.4285,-1,3
2314,11.8201,6.4151,-1,3
2315,11.8201,6.402,-1,3
2316,11.8265,6.3887,-1,3
2317,11.8328,6.3761,-1,3
2318,11.8391,6.3629,-1,3
2319,11.8454,6.3497,-1,3
2320,11.858,6.337,-1,3
2321,11.8642,6.3248,-1,3
2322,11.8705,6.3124,-1,3
2323,11.8768,6.3003,-1,3
2324,11.883,6.2898,-1,3
2325,11.8892,6.2796,-1,3
2326,11.8955,6.2698,-1,3
2327,11.9017,6.26,-1,3
2328,11.9079,6.2505,-1,3
2329,11.9141,6.2409,-1,3
2330,11.9203,6.2321,-1,3
2331,11.9265,6.2233,-1,3
2332,11.9326,6.2145,-1,3
2333,11.9388,6.2055,-1,3
2334,11.945,6.1973,-1,3
2335,11.9511,6.189,-1,3
2336,11.9573,6.1807,-1,3
2337,11.9634,6.1724,-1,3
2338,11.9695,6.1643,-1,3
2339,11.9757,6.1559,-1,3
2340,11.9818,6.1479,-1,3
2341,11.9879,6.1403,-1,3
2342,11.994,6.1336,-1,3
2343,12.0001,6.1268,-1,3
2344,12.0062,6.1196,-1,3
2345,12.0183,6.1118,-1,3
2346,12.0183,6.1046,-1,3
2347,12.0305,6.0979,-1,3
2348,12.0305,6.0915,-1,3
2349,12.0426,6.086,-1,3
2350,12.0487,6.0801,-1,3
2351,12.0547,6.0743,-1,3
2352,12.0608,6.0685,-1,3
2353,12.0668,6.0635,-1,3
2354,12.0728,6.059,-1,3
2355,12.0789,6.0559,-1,3
2356,12.0849,6.0527,-1,3
2357,12.091,6.0497,-1,3
2358,12.097,6.0481,-1,3
2359,12.1031,6.0471,-1,3
2360,12.1091,6.0469,-1,3
2361,12.1152,6.0466,-1,3
2362,12.1212,6.0466,-1,3
2363,12.1273,6.0474,-1,3
2364,12.1333,6.0493,-1,3
2365,12.1394,6.0513,-1,3
2366,12.1455,6.0545,-1,3
2367,12.1516,6.0582,-1,3
2368,12.1576,6.0621,-1,3
2369,12.1637,6.0666,-1,3
2370,12.1698,6.072,-1,3
2371,12.1759,6.0784,-1,3
2372,12.1821,6.0857,-1,3
2373,12.1882,6.0933,-1,3
2374,12.1943,6.1013,-1,3
2375,12.2005,6.1102,-1,3
2376,12.2067,6.1194,-1,3
2377,12.2129,6.1301,-1,3
2378,12.219,6.1414,-1,3
2379,12.2253,6.1531,-1,3
2380,12.2377,6.1669,-1,3
2381,12.244,6.1818,-1,3
2382,12.2503,6.1973,-1,3
2383,12.2566,6.2139,-1,3
2384,12.2629,6.231,-1,3
2385,12.2692,6.2487,-1,3
2386,12.2756,6.2673,-1,3
2387,12.2819,6.2858,-1,3
2388,12.2883,6.3051,-1,3
2389,12.2947,6.3249,-1,3
2390,12.3012,6.3437,-1,3
2391,12.3076,6.3629,-1,3
2392,12.3141,6.3846,-1,3
2393,12.3271,6.4066,-1,3
2394,12.3271,6.4289,-1,3
2395,12.3337,6.4526,-1,3
2396,12.3402,6.4745,-1,3
2397,12.3468,6.4971,-1,3
2398,12.3534,6.5199,-1,3
2399,12.3601,6.5426,-1,3
2400,12.3667,6.5651,-1,3
2401,12.3734,6.5882,-1,3
2402,12.3801,6.6125,-1,3
2403,12.3936,6.6368,-1,3
2404,12.3936,6.6616,-1,3
2405,12.4004,6.6832,-1,3
2406,12.4072,6.7069,-1,3
2407,12.414,6.7302,-1,3
2408,12.4209,6.7535,-1,3
2409,12.4278,6.7778,-1,3
2410,12.4347,6.8017,-1,3
2411,12.4416,6.8253,-1,3
2412,12.4485,6.846,-1,3
2413,12.4625,6.8695,-1,3
2414,12.4625,6.8924,-1,3
2415,12.4695,6.9153,-1,3
2416,12.4766,6.938,-1,3
2417,12.4836,6.9615,-1,3
2418,12.4907,6.985,-1,3
2419,12.4978,7.0081,-1,3
2420,12.5049,7.0314,-1,3
2421,12.5121,7.0547,-1,3
2422,12.5193,7.0805,-1,3
2423,12.5337,7.1037,-1,3
2424,12.541,7.1267,-1,3
2425,12.5482,7.152,-1,3
2426,12.5555,7.1779,-1,3
2427,12.5628,7.2029,-1,3
2428,12.5702,7.2275,-1,3
2429,12.5775,7.252,-1,3
2430,12.5849,7.2764,-1,3
2431,12.5923,7.3001,-1,3
2432,12.6071,7.3225,-1,3
2433,12.6071,7.3438,-1,3
2434,12.622,7.3649,-1,3
2435,12.622,7.3848,-1,3
2436,12.637,7.4034,-1,3
2437,12.637,7.4208,-1,3
2438,12.6519,7.4373,-1,3
2439,12.6594,7.4522,-1,3
2440,12.667,7.4661,-1,3
2441,12.6745,7.4786,-1,3
2442,12.682,7.4884,-1,3
2443,12.6895,7.497,-1,3
2444,12.6971,7.5043,-1,3
2445,12.7046,7.5104,-1,3
2446,12.7121,7.5151,-1,3
2447,12.7196,7.5195,-1,3
2448,12.7272,7.523,-1,3
2449,12.7347,7.5257,-1,3
2450,12.7422,7.5274,-1,3
2451,12.7498,7.5285,-1,3
2452,12.7573,7.5283,-1,3
2453,12.7648,7.5273,-1,3
2454,12.7723,7.5252,-1,3
2455,12.7798,7.5228,-1,3
2456,12.7873,7.5196,-1,3
2457,12.7948,7.5158,-1,3
2458,12.8023,7.5108,-1,3
2459,12.8098,7.5053,-1,3
2460,12.8247,7.4976,-1,3
2461,12.8321,7.4891,-1,3
2462,12.8396,7.4801,-1,3
2463,12.847,7.4707,-1,3
2464,12.8544,7.4608,-1,3
2465,12.8618,7.4498,-1,3
2466,12.8692,7.4388,-1,3
2467,12.8765,7.4265,-1,3
2468,12.8839,7.4143,-1,3
2469,12.8912,7.4013,-1,3
2470,12.8986,7.389,-1,3
2471,12.9059,7.3767,-1,3
2472,12.9132,7.3642,-1,3
2473,12.9205,7.351,-1,3
2474,12.9277,7.3377,-1,3
2475,12.935,7.3249,-1,3
2476,12.9423,7.3118,-1,3
2477,12.9495,7.2995,-1,3
2478,12.9568,7.2862,-1,3
2479,12.964,7.2732,-1,3
2480,12.9712,7.26,-1,3
2481,12.9783,7.2472,-1,3
2482,12.9855,7.2343,-1,3
2483,12.9927,7.2222,-1,3
2484,12.9999,7.2096,-1,3
2485,13.007,7.1967,-1,3
2486,13.0141,7.1841,-1,3
2487,13.0212,7.1714,-1,3
2488,13.0283,7.1595,-1,3
2489,13.0354,7.1472,-1,3
2490,13.0425,7.1348,-1,3
2491,13.0496,7.1221,-1,3
2492,13.0566,7.109,-1,3
2493,13.0637,7.0945,-1,3
2494,13.0777,7.0805,-1,3
2495,13.0847,7.066,-1,3
2496,13.0917,7.0509,-1,3
2497,13.0986,7.036,-1,3
2498,13.0986,7.021,-1,3
2499,13.1125,7.0059,-1,3
2500,13.1194,6.9911,-1,3
2501,13.1264,6.9761,-1,3
2502,13.1333,6.9612,-1,3
2503,13.1402,6.9478,-1,3
2504,13.147,6.9344,-1,3
2505,13.1539,6.9221,-1,3
2506,13.1608,6.9102,-1,3
2507,13.1676,6.8979,-1,3
2508,13.1744,6.8852,-1,3
2509,13.1813,6.8729,-1,3
2510,13.1881,6.861,-1,3
2511,13.1949,6.8498,-1,3
2512,13.2017,6.8392,-1,3
2513,13.2085,6.8288,-1,3
2514,13.2152,6.8189,-1,3
2515,13.222,6.8088,-1,3
2516,13.2288,6.7986,-1,3
2517,13.2355,6.7876,-1,3
2518,13.2422,6.7774,-1,3
2519,13.2489,6.7677,-1,3
2520,13.2556,6.7577,-1,3
2521,13.2623,6.7474,-1,3
2522,13.269,6.7372,-1,3
2523,13.2757,6.7264,-1,3
2524,13.2824,6.7152,-1,3
2525,13.289,6.7039,-1,3
2526,13.2957,6.6933,-1,3
2527,13.3023,6.6833,-1,3
2528,13.309,6.6731,-1,3
2529,13.3156,6.6621,-1,3
2530,13.3222,6.6515,-1,3
2531,13.3288,6.6404,-1,3
2532,13.3353,6.6297,-1,3
2533,13.3419,6.6191,-1,3
2534,13.3485,6.6088,-1,3
2535,13.355,6.5982,-1,3
2536,13.3616,6.5876,-1,3
2537,13.3681,6.5771,-1,3
2538,13.3746,6.5669,-1,3
2539,13.3811,6.5572,-1,3
2540,13.3876,6.5473,-1,3
2541,13.3941,6.5376,-1,3
2542,13.4006,6.5274,-1,3
2543,13.4136,6.5174,-1,3
2544,13.42,6.508,-1,3
2545,13.4265,6.4988,-1,3
2546,13.433,6.4896,-1,3
2547,13.4394,6.4806,-1,3
2548,13.4458,6.4718,-1,3
2549,13.4523,6.4633,-1,3
2550,13.4587,6.4555,-1,3
2551,13.4651,6.4476,-1,3
2552,13.4715,6.4401,-1,3
2553,13.4779,6.4328,-1,3
2554,13.4843,6.4252,-1,3
2555,13.4907,6.4176,-1,3
2556,13.4971,6.4103,-1,3
2557,13.5034,6.4032,-1,3
2558,13.5098,6.3959,-1,3
2559,13.5162,6.3885,-1,3
2560,13.5225,6.3812,-1,3
2561,13.5288,6.374,-1,3
2562,13.5352,6.3667,-1,3
2563,13.5415,6.3595,-1,3
2564,13.5478,6.3525,-1,3
2565,13.5541,6.3465,-1,3
2566,13.5605,6.3406,-1,3
2567,13.5668,6.334,-1,3
2568,13.5731,6.3274,-1,3
2569,13.5794,6.3217,-1,3
2570,13.5857,6.3161,-1,3
2571,13.592,6.3113,-1,3
2572,13.5982,6.3066,-1,3
2573,13.6045,6.3023,-1,3
2574,13.6108,6.2978,-1,3
2575,13.6171,6.2933,-1,3
2576,13.6296,6.2882,-1,3
2577,13.6359,6.284,-1,3
2578,13.6421,6.2806,-1,3
2579,13.6484,6.2765,-1,3
2580,13.6547,6.2725,-1,3
2581,13.6609,6.268,-1,3
2582,13.6672,6.2638,-1,3
2583,13.6734,6.2598,-1,3
2584,13.6796,6.257,-1,3
2585,13.6859,6.2541,-1,3
2586,13.6921,6.2516,-1,3
2587,13.6984,6.2495,-1,3
2588,13.7046,6.2468,-1,3
2589,13.7108,6.2444,-1,3
2590,13.7171,6.2422,-1,3
2591,13.7233,6.2411,-1,3
2592,13.7296,6.2399,-1,3
2593,13.7358,6.2393,-1,3
2594,13.742,6.2379,-1,3
2595,13.7483,6.237,-1,3
2596,13.7545,6.2368,-1,3
2597,13.7607,6.2368,-1,3
2598,13.767,6.2374,-1,3
2599,13.7732,6.2388,-1,3
2600,13.7795,6.2406,-1,3
2601,13.7857,6.2427,-1,3
2602,13.792,6.2456,-1,3
2603,13.7983,6.249,-1,3
2604,13.8108,6.254,-1,3
2605,13.8171,6.259,-1,3
2606,13.8234,6.2649,-1,3
2607,13.8297,6.2715,-1,3
2608,13.8361,6.279,-1,3
2609,13.8424,6.2869,-1,3
2610,13.8487,6.2957,-1,3
2611,13.8551,6.3055,-1,3
2612,13.8615,6.3168,-1,3
2613,13.8678,6.3281,-1,3
2614,13.8742,6.3391,-1,3
2615,13.8806,6.3517,-1,3
2616,13.8871,6.3645,-1,3
2617,13.8935,6.3785,-1,3
2618,13.9,6.393,-1,3
2619,13.9065,6.4083,-1,3
2620,13.913,6.4241,-1,3
2621,13.9195,6.4402,-1,3
2622,13.926,6.4563,-1,3
2623,13.9326,6.4737,-1,3
2624,13.9391,6.4915,-1,3
2625,13.9457,6.5098,-1,3
2626,13.9524,6.5286,-1,3
2627,13.959,6.5477,-1,3
2628,13.9657,6.5672,-1,3
2629,13.9723,6.5874,-1,3
2630,13.979,6.6077,-1,3
2631,13.9858,6.6285,-1,3
2632,13.9925,6.6497,-1,3
2633,13.9993,6.6708,-1,3
2634,14.0061,6.6933,-1,3
2635,14.0129,6.7158,-1,3
2636,14.0197,6.7384,-1,3
2637,14.0266,6.761,-1,3
2638,14.0335,6.7845,-1,3
2639,14.0404,6.8083,-1,3
2640,14.0474,6.8329,-1,3
2641,14.0543,6.8571,-1,3
2642,14.0613,6.8819,-1,3
2643,14.0683,6.9072,-1,3
2644,14.0754,6.9325,-1,3
2645,14.0825,6.9577,-1,3
2646,14.0896,6.9837,-1,3
2647,14.1039,7.0125,-1,3
2648,14.111,7.0406,-1,3
2649,14.1182,7.0688,-1,3
2650,14.1255,7.0973,-1,3
2651,14.1327,7.1266,-1,3
2652,14.14,7.1555,-1,3
2653,14.1473,7.1848,-1,3
2654,14.1547,7.2136,-1,3
2655,14.162,7.2429,-1,3
2656,14.1694,7.2717,-1,3
2657,14.1768,7.3014,-1,3
2658,14.1843,7.3315,-1,3
2659,14.1918,7.3608,-1,3
2660,14.1993,7.3872,-1,3
2661,14.2068,7.4134,-1,3
2662,14.2143,7.4403,-1,3
2663,14.2219,7.4669,-1,3
2664,14.2295,7.4937,-1,3
2665,14.2372,7.5198,-1,3
2666,14.2448,7.5461,-1,3
2667,14.2525,7.5689,-1,3
2668,14.2602,7.5918,-1,3
2669,14.2679,7.6148,-1,3
2670,14.2757,7.64,-1,3
2671,14.2834,7.6643,-1,3
2672,14.2912,7.6874,-1,3
2673,14.299,7.7096,-1,3
2674,14.3068,7.731,-1,3
2675,14.3225,7.7531,-1,3
2676,14.3304,7.7737,-1,3
2677,14.3382,7.7926,-1,3
2678,14.3461,7.8103,-1,3
2679,14.354,7.8272,-1,3
2680,14.3619,7.8421,-1,3
2681,14.3698,7.8555,-1,3
2682,14.3777,7.8681,-1,3
2683,14.3856,7.8795,-1,3
2684,14.3936,7.8893,-1,3
2685,14.4015,7.8963,-1,3
2686,14.4094,7.903,-1,3
2687,14.4173,7.9088,-1,3
2688,14.4253,7.9139,-1,3
2689,14.4332,7.9178,-1,3
2690,14.4411,7.9217,-1,3
2691,14.4491,7.9248,-1,3
2692,14.457,7.9268,-1,3
2693,14.4649,7.928,-1,3
2694,14.4728,7.9289,-1,3
2695,14.4808,7.9289,-1,3
2696,14.4887,7.9282,-1,3
2697,14.4966,7.9269,-1,3
2698,14.5045,7.9244,-1,3
2699,14.5124,7.9212,-1,3
2700,14.5203,7.9171,-1,3
2701,14.5282,7.9126,-1,3
2702,14.5361,7.9072,-1,3
2703,14.5439,7.9008,-1,3
2704,14.5518,7.8932,-1,3
2705,14.5675,7.8849,-1,3
2706,14.5753,7.8752,-1,3
2707,14.5831,7.8651,-1,3
2708,14.5909,7.8542,-1,3
2709,14.5987,7.8424,-1,3
2710,14.6064,7.8303,-1,3
2711,14.6142,7.8177,-1,3
2712,14.622,7.8048,-1,3
2713,14.6297,7.7918,-1,3
2714,14.6374,7.7791,-1,3
2715,14.6451,7.7664,-1,3
2716,14.6528,7.754,-1,3
2717,14.6605,7.741,-1,3
2718,14.6682,7.7281,-1,3
2719,14.6758,7.7155,-1,3
2720,14.6835,7.7031,-1,3
2721,14.6911,7.6906,-1,3
2722,14.6987,7.6778,-1,3
2723,14.7063,7.6648,-1,3
2724,14.7139,7.6515,-1,3
2725,14.7215,7.6392,-1,3
2726,14.7291,7.6269,-1,3
2727,14.7366,7.6143,-1,3
2728,14.7442,7.6008,-1,3
2729,14.7517,7.5877,-1,3
2730,14.7592,7.5741,-1,3
2731,14.7667,7.5604,-1,3
2732,14.7742,7.5467,-1,3
2733,14.7817,7.5334,-1,3
2734,14.7891,7.5195,-1,3
2735,14.7966,7.5048,-1,3
2736,14.804,7.4892,-1,3
2737,14.8114,7.4746,-1,3
2738,14.8188,7.4604,-1,3
2739,14.8262,7.446,-1,3
2740,14.8335,7.4312,-1,3
2741,14.8409,7.4169,-1,3
2742,14.8482,7.4026,-1,3
2743,14.8556,7.3884,-1,3
2744,14.8629,7.3745,-1,3
2745,14.8702,7.3606,-1,3
2746,14.8775,7.3468,-1,3
2747,14.8847,7.3329,-1,3
2748,14.8992,7.3187,-1,3
2749,14.9065,7.3043,-1,3
2750,14.9065,7.2903,-1,3
2751,14.9137,7.2766,-1,3
2752,14.9209,7.263,-1,3
2753,14.9353,7.2482,-1,3
2754,14.9425,7.2333,-1,3
2755,14.9496,7.2193,-1,3
2756,14.9568,7.2063,-1,3
2757,14.9639,7.1932,-1,3
2758,14.971,7.1802,-1,3
2759,14.9781,7.1671,-1,3
2760,14.9852,7.1539,-1,3
2761,14.9923,7.141,-1,3
2762,14.9994,7.1278,-1,3
2763,15.0065,7.1158,-1,3
2764,15.0135,7.1036,-1,3
2765,15.0205,7.0905,-1,3
2766,15.0275,7.077,-1,3
2767,15.0345,7.064,-1,3
2768,15.0415,7.0512,-1,3
2769,15.0485,7.0386,-1,3
2770,15.0555,7.0258,-1,3
2771,15.0624,7.0122,-1,3
2772,15.0694,6.9994,-1,3
2773,15.0763,6.9866,-1,3
2774,15.0832,6.974,-1,3
2775,15.0901,6.9615,-1,3
2776,15.097,6.9494,-1,3
2777,15.1039,6.9368,-1,3
2778,15.1108,6.9242,-1,3
2779,15.1176,6.9114,-1,3
2780,15.1245,6.8993,-1,3
2781,15.1313,6.8868,-1,3
2782,15.1381,6.8742,-1,3
2783,15.1449,6.861,-1,3
2784,15.1517,6.8487,-1,3
2785,15.1585,6.8361,-1,3
2786,15.1653,6.8232,-1,3
2787,15.172,6.8101,-1,3
2788,15.1788,6.7972,-1,3
2789,15.1855,6.784,-1,3
2790,15.1922,6.7706,-1,3
2791,15.1989,6.7578,-1,3
2792,15.2056,6.7446,-1,3
2793,15.2122,6.7313,-1,3
2794,15.2189,6.7174,-1,3
2795,15.2255,6.7036,-1,3
2796,15.2322,6.69,-1,3
2797,15.2388,6.6764,-1,3
2798,15.2454,6.6628,-1,3
2799,15.252,6.6498,-1,3
2800,15.2586,6.6369,-1,3
2801,15.2651,6.6234,-1,3
2802,15.2717,6.6098,-1,3
2803,15.2782,6.5974,-1,3
2804,15.2847,6.5852,-1,3
2805,15.2913,6.5733,-1,3
2806,15.2978,6.5609,-1,3
2807,15.3043,6.5489,-1,3
2808,15.3108,6.5372,-1,3
2809,15.3172,6.5257,-1,3
2810,15.3237,6.5135,-1,3
2811,15.3301,6.502,-1,3
2812,15.3366,6.4906,-1,3
2813,15.343,6.479,-1,3
2814,15.3494,6.467,-1,3
2815,15.3558,6.4554,-1,3
2816,15.3622,6.4436,-1,3
2817,15.3686,6.4304,-1,3
2818,15.3813,6.4173,-1,3
2819,15.3877,6.4046,-1,3
2820,15.394,6.3928,-1,3
2821,15.4003,6.3804,-1,3
2822,15.4066,6.3678,-1,3
2823,15.4129,6.3552,-1,3
2824,15.4192,6.3434,-1,3
2825,15.4255,6.3312,-1,3
2826,15.4318,6.3199,-1,3
2827,15.4443,6.3101,-1,3
2828,15.4506,6.3004,-1,3
2829,15.4506,6.2906,-1,3
2830,15.4568,6.2816,-1,3
2831,15.4631,6.2739,-1,3
2832,15.4693,6.2666,-1,3
2833,15.4756,6.2597,-1,3
2834,15.4818,6.2533,-1,3
2835,15.488,6.2482,-1,3
2836,15.4943,6.2434,-1,3
2837,15.5005,6.2391,-1,3
2838,15.5067,6.235,-1,3
2839,15.5129,6.2315,-1,3
2840,15.5191,6.2283,-1,3
2841,15.5254,6.2256,-1,3
2842,15.5316,6.2241,-1,3
2843,15.5378,6.2228,-1,3
2844,15.544,6.2218,-1,3
2845,15.5502,6.2207,-1,3
2846,15.5565,6.2213,-1,3
2847,15.5627,6.2231,-1,3
2848,15.569,6.2259,-1,3
2849,15.5752,6.229,-1,3
2850,15.5815,6.2323,-1,3
2851,15.5877,6.2362,-1,3
2852,15.594,6.241,-1,3
2853,15.6003,6.2465,-1,3
2854,15.6065,6.2533,-1,3
2855,15.6128,6.2622,-1,3
2856,15.6255,6.2711,-1,3
2857,15.6318,6.2806,-1,3
2858,15.6382,6.2908,-1,3
2859,15.6445,6.3023,-1,3
2860,15.6509,6.3144,-1,3
2861,15.6573,6.3275,-1,3
2862,15.6637,6.3409,-1,3
2863,15.6701,6.3555,-1,3
2864,15.6765,6.3703,-1,3
2865,15.683,6.3844,-1,3
2866,15.6895,6.3998,-1,3
2867,15.696,6.4157,-1,3
2868,15.7025,6.4321,-1,3
2869,15.709,6.4485,-1,3
2870,15.7156,6.4662,-1,3
2871,15.7221,6.4844,-1,3
2872,15.7287,6.503,-1,3
2873,15.7353,6.5218,-1,3
2874,15.742,6.5418,-1,3
2875,15.7486,6.5623,-1,3
2876,15.7553,6.5827,-1,3
2877,15.762,6.6036,-1,3
2878,15.7687,6.6255,-1,3
2879,15.7755,6.6479,-1,3
2880,15.7823,6.6704,-1,3
2881,15.7891,6.6927,-1,3
2882,15.7959,6.716,-1,3
2883,15.8027,6.7394,-1,3
2884,15.8096,6.7624,-1,3
2885,15.8165,6.7857,-1,3
2886,15.8234,6.8093,-1,3
2887,15.8303,6.8325,-1,3
2888,15.8373,6.8559,-1,3
2889,15.8443,6.8796,-1,3
2890,15.8513,6.9032,-1,3
2891,15.8583,6.9271,-1,3
2892,15.8654,6.9507,-1,3
2893,15.8725,6.974,-1,3
2894,15.8796,6.9975,-1,3
2895,15.8867,7.0216,-1,3
2896,15.8938,7.0449,-1,3
2897,15.901,7.0687,-1,3
2898,15.9082,7.0921,-1,3
2899,15.9154,7.1155,-1,3
2900,15.9227,7.1382,-1,3
2901,15.9299,7.1611,-1,3
2902,15.9372,7.1835,-1,3
2903,15.9445,7.2063,-1,3
2904,15.9518,7.2284,-1,3
2905,15.9592,7.2496,-1,3
2906,15.9665,7.2705,-1,3
2907,15.9739,7.2922,-1,3
2908,15.9813,7.3136,-1,3
2909,15.9962,7.334,-1,3
2910,16.0036,7.354,-1,3
2911,16.011,7.3723,-1,3
2912,16.0185,7.3899,-1,3
2913,16.026,7.4067,-1,3
2914,16.0335,7.4227,-1,3
2915,16.0409,7.437,-1,3
2916,16.0484,7.4503,-1,3
2917,16.0559,7.4614,-1,3
2918,16.0634,7.4711,-1,3
2919,16.0709,7.4796,-1,3
2920,16.0785,7.4869,-1,3
2921,16.086,7.4939,-1,3
2922,16.0935,7.4999,-1,3
2923,16.101,7.5049,-1,3
2924,16.1085,7.5091,-1,3
2925,16.1161,7.5132,-1,3
2926,16.1236,7.5166,-1,3
2927,16.1311,7.5192,-1,3
2928,16.1387,7.5213,-1,3
2929,16.1462,7.5233,-1,3
2930,16.1537,7.5247,-1,3
2931,16.1612,7.5256,-1,3
2932,16.1688,7.5259,-1,3
2933,16.1763,7.5253,-1,3
2934,16.1838,7.5241,-1,3
2935,16.1913,7.5228,-1,3
2936,16.1988,7.5212,-1,3
2937,16.2063,7.5189,-1,3
2938,16.2138,7.5162,-1,3
2939,16.2213,7.5129,-1,3
2940,16.2288,7.5091,-1,3
2941,16.2363,7.5043,-1,3
2942,16.2437,7.4998,-1,3
2943,16.2512,7.4951,-1,3
2944,16.2587,7.4896,-1,3
2945,16.2661,7.4831,-1,3
2946,16.2736,7.4757,-1,3
2947,16.281,7.4687,-1,3
2948,16.2884,7.4615,-1,3
2949,16.3033,7.453,-1,3
2950,16.3107,7.4443,-1,3
2951,16.3181,7.4358,-1,3
2952,16.3255,7.4268,-1,3
2953,16.3328,7.4179,-1,3
2954,16.3402,7.409,-1,3
2955,16.3476,7.4003,-1,3
2956,16.3549,7.3918,-1,3
2957,16.3623,7.3825,-1,3
2958,16.3696,7.373,-1,3
2959,16.3769,7.364,-1,3
2960,16.3842,7.3557,-1,3
2961,16.3915,7.3472,-1,3
2962,16.3988,7.3383,-1,3
2963,16.4061,7.3293,-1,3
2964,16.4134,7.3212,-1,3
2965,16.4207,7.313,-1,3
2966,16.4279,7.3041,-1,3
2967,16.4352,7.295,-1,3
2968,16.4424,7.2863,-1,3
2969,16.4497,7.2779,-1,3
2970,16.4569,7.269,-1,3
2971,16.4641,7.2596,-1,3
2972,16.4713,7.2508,-1,3
2973,16.4785,7.2416,-1,3
2974,16.4857,7.232,-1,3
2975,16.4929,7.2223,-1,3
2976,16.5001,7.2136,-1,3
2977,16.5072,7.2048,-1,3
2978,16.5144,7.1956,-1,3
2979,16.5216,7.1864,-1,3
2980,16.5287,7.178,-1,3
2981,16.5358,7.1699,-1,3
2982,16.5429,7.1614,-1,3
2983,16.5501,7.153,-1,3
2984,16.5572,7.1443,-1,3
2985,16.5643,7.1366,-1,3
2986,16.5714,7.129,-1,3
2987,16.5785,7.1214,-1,3
2988,16.5855,7.1137,-1,3
2989,16.5926,7.1062,-1,3
2990,16.5997,7.098,-1,3
2991,16.6067,7.0899,-1,3
2992,16.6138,7.0819,-1,3
2993,16.6208,7.075,-1,3
2994,16.6278,7.068,-1,3
2995,16.6349,7.0604,-1,3
2996,16.6419,7.0522,-1,3
2997,16.6489,7.0439,-1,3
2998,16.6559,7.0353,-1,3
2999,16.6629,7.0267,-1,3
3000,16.6699,7.0179,-1,3
3001,16.6768,7.0096,-1,3
3002,16.6838,7.0008,-1,3
3003,16.6907,6.9914,-1,3
3004,16.6977,6.9821,-1,3
3005,16.7046,6.9727,-1,3
3006,16.7115,6.9634,-1,3
3007,16.7184,6.9543,-1,3
3008,16.7254,6.9461,-1,3
3009,16.7323,6.9382,-1,3
3010,16.7392,6.9301,-1,3
3011,16.7529,6.9217,-1,3
3012,16.7598,6.9139,-1,3
3013,16.7667,6.9057,-1,3
3014,16.7735,6.8977,-1,3
3015,16.7804,6.8902,-1,3
3016,16.7873,6.8831,-1,3
3017,16.7941,6.8767,-1,3
3018,16.8009,6.87,-1,3
3019,16.8078,6.8634,-1,3
3020,16.8146,6.8573,-1,3
3021,16.8214,6.8517,-1,3
3022,16.8283,6.846,-1,3
3023,16.8351,6.8411,-1,3
3024,16.8419,6.8364,-1,3
3025,16.8487,6.8315,-1,3
3026,16.8555,6.8266,-1,3
3027,16.8623,6.8217,-1,3
3028,16.8691,6.8167,-1,3
3029,16.8759,6.8115,-1,3
3030,16.8827,6.8062,-1,3
3031,16.8895,6.8007,-1,3
3032,16.8962,6.7958,-1,3
3033,16.903,6.7905,-1,3
3034,16.9097,6.7846,-1,3
3035,16.9165,6.7781,-1,3
3036,16.9232,6.7722,-1,3
3037,16.93,6.7661,-1,3
3038,16.9367,6.7598,-1,3
3039,16.9434,6.7534,-1,3
3040,16.9502,6.7475,-1,3
3041,16.9569,6.7412,-1,3
3042,16.9636,6.7346,-1,3
3043,16.9703,6.7281,-1,3
3044,16.977,6.7226,-1,3
3045,16.9837,6.7176,-1,3
3046,16.9904,6.712,-1,3
3047,16.997,6.7059,-1,3
3048,17.0037,6.7006,-1,3
3049,17.0104,6.6955,-1,3
3050,17.0171,6.6908,-1,3
3051,17.0237,6.6864,-1,3
3052,17.0304,6.6821,-1,3
3053,17.0371,6.6777,-1,3
3054,17.0437,6.6728,-1,3
3055,17.0504,6.6682,-1,3
3056,17.057,6.6639,-1,3
3057,17.0636,6.66,-1,3
3058,17.0703,6.656,-1,3
3059,17.0769,6.6532,-1,3
3060,17.0836,6.6505,-1,3
3061,17.0902,6.6474,-1,3
3062,17.0968,6.6438,-1,3
3063,17.1035,6.6409,-1,3
3064,17.1101,6.6388,-1,3
3065,17.1167,6.637,-1,3
3066,17.1234,6.6355,-1,3
3067,17.13,6.635,-1,3
3068,17.1366,6.6344,-1,3
3069,17.1433,6.6335,-1,3
3070,17.1499,6.6327,-1,3
3071,17.1565,6.6334,-1,3
3072,17.1632,6.6349,-1,3
3073,17.1698,6.6369,-1,3
3074,17.1765,6.6394,-1,3
3075,17.1832,6.6426,-1,3
3076,17.1898,6.6463,-1,3
3077,17.1965,6.6502,-1,3
3078,17.2032,6.6549,-1,3
3079,17.2099,6.6595,-1,3
3080,17.2165,6.6654,-1,3
3081,17.2233,6.6726,-1,3
3082,17.23,6.6805,-1,3
3083,17.2434,6.6893,-1,3
3084,17.2502,6.6986,-1,3
3085,17.257,6.7085,-1,3
3086,17.2637,6.7197,-1,3
3087,17.2705,6.7318,-1,3
3088,17.2773,6.744,-1,3
3089,17.2841,6.7571,-1,3
3090,17.291,6.7702,-1,3
3091,17.2978,6.7831,-1,3
3092,17.3047,6.7961,-1,3
3093,17.3115,6.8088,-1,3
3094,17.3184,6.822,-1,3
3095,17.3253,6.8356,-1,3
3096,17.3322,6.8489,-1,3
3097,17.3392,6.8624,-1,3
3098,17.3461,6.8764,-1,3
3099,17.3531,6.891,-1,3
3100,17.36,6.9057,-1,3
3101,17.367,6.9203,-1,3
3102,17.374,6.9358,-1,3
3103,17.3811,6.9515,-1,3
3104,17.3881,6.9676,-1,3
3105,17.3952,6.9839,-1,3
3106,17.4022,7.0003,-1,3
3107,17.4093,7.0167,-1,3
3108,17.4164,7.0342,-1,3
3109,17.4236,7.0517,-1,3
3110,17.4307,7.07,-1,3
3111,17.4379,7.0885,-1,3
3112,17.4451,7.1072,-1,3
3113,17.4523,7.1262,-1,3
3114,17.4595,7.1458,-1,3
3115,17.4668,7.166,-1,3
3116,17.4741,7.1872,-1,3
3117,17.4814,7.2085,-1,3
3118,17.4887,7.2297,-1,3
3119,17.4961,7.2508,-1,3
3120,17.5034,7.2719,-1,3
3121,17.5108,7.2935,-1,3
3122,17.5257,7.3176,-1,3
3123,17.5331,7.3422,-1,3
3124,17.5406,7.3661,-1,3
3125,17.5481,7.3894,-1,3
3126,17.5556,7.4128,-1,3
3127,17.5632,7.4367,-1,3
3128,17.5708,7.46,-1,3
3129,17.5783,7.4837,-1,3
3130,17.5859,7.5074,-1,3
3131,17.5936,7.5311,-1,3
3132,17.6012,7.5521,-1,3
3133,17.6089,7.5727,-1,3
3134,17.6166,7.5935,-1,3
3135,17.6243,7.616,-1,3
3136,17.632,7.6378,-1,3
3137,17.6397,7.6573,-1,3
3138,17.6475,7.677,-1,3
3139,17.6553,7.6958,-1,3
3140,17.663,7.7139,-1,3
3141,17.6708,7.7311,-1,3
3142,17.6787,7.7487,-1,3
3143,17.6865,7.7652,-1,3
3144,17.6943,7.781,-1,3
3145,17.71,7.7947,-1,3
3146,17.71,7.8073,-1,3
3147,17.7179,7.8199,-1,3
3148,17.7258,7.8316,-1,3
3149,17.7337,7.8424,-1,3
3150,17.7415,7.852,-1,3
3151,17.7494,7.8611,-1,3
3152,17.7573,7.8686,-1,3
3153,17.7652,7.8748,-1,3
3154,17.7731,7.8795,-1,3
3155,17.781,7.8829,-1,3
3156,17.7889,7.8856,-1,3
3157,17.7968,7.8887,-1,3
3158,17.8047,7.8906,-1,3
3159,17.8126,7.8921,-1,3
3160,17.8205,7.8926,-1,3
3161,17.8284,7.8925,-1,3
3162,17.8362,7.8917,-1,3
3163,17.8441,7.8911,-1,3
3164,17.852,7.8899,-1,3
3165,17.8599,7.8882,-1,3
3166,17.8677,7.8856,-1,3
3167,17.8756,7.8821,-1,3
3168,17.8835,7.8782,-1,3
3169,17.8913,7.8741,-1,3
3170,17.8992,7.8696,-1,3
3171,17.907,7.8644,-1,3
3172,17.9148,7.858,-1,3
3173,17.9226,7.8509,-1,3
3174,17.9304,7.8439,-1,3
3175,17.9382,7.8362,-1,3
3176,17.946,7.8276,-1,3
3177,17.9538,7.818,-1,3
3178,17.9615,7.8085,-1,3
3179,17.9693,7.7984,-1,3
3180,17.977,7.7877,-1,3
3181,17.9848,7.776,-1,3
3182,17.9925,7.7646,-1,3
3183,18.0002,7.7527,-1,3
3184,18.0078,7.7403,-1,3
3185,18.0155,7.7273,-1,3
3186,18.0232,7.7153,-1,3
3187,18.0308,7.7034,-1,3
3188,18.0385,7.691,-1,3
3189,18.0461,7.6777,-1,3
3190,18.0537,7.6647,-1,3
3191,18.0613,7.6517,-1,3
3192,18.0689,7.6391,-1,3
3193,18.0764,7.6256,-1,3
3194,18.0915,7.6115,-1,3
3195,18.0991,7.5979,-1,3
3196,18.1066,7.584,-1,3
3197,18.1141,7.5703,-1,3
3198,18.1216,7.5568,-1,3
3199,18.1291,7.5438,-1,3
3200,18.1366,7.5302,-1,3
3201,18.144,7.5169,-1,3
3202,18.1515,7.5034,-1,3
3203,18.1589,7.4907,-1,3
3204,18.1663,7.4785,-1,3
3205,18.1737,7.466,-1,3
3206,18.1811,7.4535,-1,3
3207,18.1885,7.4409,-1,3
3208,18.1959,7.4283,-1,3
3209,18.2032,7.4155,-1,3
3210,18.2106,7.4035,-1,3
3211,18.2179,7.3912,-1,3
3212,18.2252,7.3784,-1,3
3213,18.2325,7.3659,-1,3
3214,18.2399,7.3536,-1,3
3215,18.2471,7.3417,-1,3
3216,18.2544,7.3302,-1,3
3217,18.2617,7.3184,-1,3
3218,18.2689,7.3061,-1,3
3219,18.2762,7.2935,-1,3
3220,18.2834,7.2806,-1,3
3221,18.2906,7.2687,-1,3
3222,18.2978,7.2573,-1,3
3223,18.305,7.2462,-1,3
3224,18.3122,7.2351,-1,3
3225,18.3194,7.224,-1,3
3226,18.3265,7.212,-1,3
3227,18.3337,7.1997,-1,3
3228,18.3408,7.1871,-1,3
3229,18.3479,7.1757,-1,3
3230,18.355,7.1644,-1,3
3231,18.3621,7.1524,-1,3
3232,18.3692,7.1398,-1,3
3233,18.3763,7.1271,-1,3
3234,18.3833,7.1144,-1,3
3235,18.3904,7.1019,-1,3
3236,18.3974,7.0898,-1,3
3237,18.4045,7.0783,-1,3
3238,18.4115,7.0668,-1,3
3239,18.4185,7.0547,-1,3
3240,18.4255,7.0432,-1,3
3241,18.4325,7.0323,-1,3
3242,18.4394,7.0214,-1,3
3243,18.4464,7.0107,-1,3
3244,18.4533,6.9999,-1,3
3245,18.4603,6.9886,-1,3
3246,18.4672,6.9773,-1,3
3247,18.4811,6.9659,-1,3
3248,18.488,6.9553,-1,3
3249,18.4949,6.9454,-1,3
3250,18.5018,6.9354,-1,3
3251,18.5086,6.9249,-1,3
3252,18.5155,6.915,-1,3
3253,18.5224,6.9055,-1,3
3254,18.5292,6.8959,-1,3
3255,18.5361,6.8871,-1,3
3256,18.5429,6.8787,-1,3
3257,18.5498,6.8709,-1,3
3258,18.5566,6.8628,-1,3
3259,18.5634,6.8537,-1,3
3260,18.5702,6.8446,-1,3
3261,18.577,6.8366,-1,3
3262,18.5838,6.8286,-1,3
3263,18.5906,6.8207,-1,3
3264,18.5974,6.8121,-1,3
3265,18.6042,6.8028,-1,3
3266,18.6177,6.7935,-1,3
3267,18.6244,6.7846,-1,3
3268,18.6244,6.7765,-1,3
3269,18.6379,6.7688,-1,3
3270,18.6446,6.7606,-1,3
3271,18.6513,6.7523,-1,3
3272,18.658,6.7446,-1,3
3273,18.6647,6.7362,-1,3
3274,18.6714,6.7291,-1,3
3275,18.6781,6.723,-1,3
3276,18.6848,6.7169,-1,3
3277,18.6982,6.7097,-1,3
3278,18.7049,6.703,-1,3
3279,18.7115,6.6967,-1,3
3280,18.7182,6.6912,-1,3
3281,18.7249,6.6852,-1,3
3282,18.7315,6.6792,-1,3
3283,18.7382,6.6733,-1,3
3284,18.7448,6.6678,-1,3
3285,18.7514,6.6616,-1,3
3286,18.7581,6.6554,-1,3
3287,18.7647,6.6503,-1,3
3288,18.7713,6.6454,-1,3
3289,18.7779,6.6409,-1,3
3290,18.7846,6.636,-1,3
3291,18.7912,6.6312,-1,3
3292,18.7978,6.6261,-1,3
3293,18.8044,6.6214,-1,3
3294,18.811,6.6164,-1,3
3295,18.8176,6.6124,-1,3
3296,18.8242,6.6094,-1,3
3297,18.8308,6.6062,-1,3
3298,18.8373,6.602,-1,3
3299,18.8439,6.5983,-1,3
3300,18.8505,6.5953,-1,3
3301,18.8571,6.5926,-1,3
3302,18.8637,6.5903,-1,3
3303,18.8703,6.5891,-1,3
3304,18.8769,6.5883,-1,3
3305,18.8834,6.5875,-1,3
3306,18.89,6.5861,-1,3
3307,18.8966,6.5858,-1,3
3308,18.9032,6.5861,-1,3
3309,18.9098,6.5868,-1,3
3310,18.9164,6.5879,-1,3
3311,18.923,6.59,-1,3
3312,18.9296,6.5924,-1,3
3313,18.9362,6.5945,-1,3
3314,18.9495,6.5986,-1,3
3315,18.9495,6.6028,-1,3
3316,18.9627,6.6083,-1,3
3317,18.9694,6.6143,-1,3
3318,18.976,6.621,-1,3
3319,18.9827,6.6275,-1,3
3320,18.9894,6.6344,-1,3
3321,18.996,6.6416,-1,3
3322,19.0027,6.649,-1,3
3323,19.0094,6.6575,-1,3
3324,19.0161,6.665,-1,3
3325,19.0228,6.6734,-1,3
3326,19.0295,6.6816,-1,3
3327,19.0363,6.6902,-1,3
3328,19.043,6.699,-1,3
3329,19.0498,6.7087,-1,3
3330,19.0565,6.7186,-1,3
3331,19.0633,6.7286,-1,3
3332,19.0701,6.7391,-1,3
3333,19.0769,6.7499,-1,3
3334,19.0837,6.7606,-1,3
3335,19.0905,6.7714,-1,3
3336,19.0974,6.7825,-1,3
3337,19.1042,6.7931,-1,3
3338,19.1111,6.8047,-1,3
3339,19.1179,6.8164,-1,3
3340,19.1248,6.8281,-1,3
3341,19.1317,6.8397,-1,3
3342,19.1386,6.8521,-1,3
3343,19.1455,6.864,-1,3
3344,19.1525,6.8761,-1,3
3345,19.1594,6.8881,-1,3
3346,19.1664,6.9006,-1,3
3347,19.1733,6.913,-1,3
3348,19.1803,6.9249,-1,3
3349,19.1873,6.9363,-1,3
3350,19.1943,6.948,-1,3
3351,19.2013,6.9594,-1,3
3352,19.2083,6.9703,-1,3
3353,19.2154,6.9808,-1,3
3354,19.2224,6.9917,-1,3
3355,19.2294,7.0021,-1,3
3356,19.2365,7.0126,-1,3
3357,19.2436,7.0229,-1,3
3358,19.2507,7.033,-1,3
3359,19.2577,7.0425,-1,3
3360,19.2648,7.0518,-1,3
3361,19.2719,7.0612,-1,3
3362,19.279,7.0707,-1,3
3363,19.2862,7.0806,-1,3
3364,19.2933,7.0903,-1,3
3365,19.3004,7.0998,-1,3
3366,19.3076,7.1083,-1,3
3367,19.3148,7.1178,-1,3
3368,19.3219,7.127,-1,3
3369,19.3363,7.1378,-1,3
3370,19.3435,7.1488,-1,3
3371,19.3435,7.1597,-1,3
3372,19.3579,7.1707,-1,3
3373,19.3652,7.1814,-1,3
3374,19.3724,7.1919,-1,3
3375,19.3796,7.2022,-1,3
3376,19.3869,7.2132,-1,3
3377,19.3942,7.2232,-1,3
3378,19.4014,7.233,-1,3
3379,19.4087,7.2413,-1,3
3380,19.416,7.2492,-1,3
3381,19.4233,7.2562,-1,3
3382,19.4305,7.2629,-1,3
3383,19.4379,7.269,-1,3
3384,19.4451,7.2745,-1,3
3385,19.4524,7.2802,-1,3
3386,19.4598,7.2847,-1,3
3387,19.4671,7.2885,-1,3
3388,19.4743,7.2914,-1,3
3389,19.4817,7.295,-1,3
3390,19.489,7.2981,-1,3
3391,19.4963,7.3012,-1,3
3392,19.5036,7.303,-1,3
3393,19.5109,7.305,-1,3
3394,19.5182,7.3066,-1,3
3395,19.5255,7.3081,-1,3
3396,19.5328,7.3095,-1,3
3397,19.5402,7.3113,-1,3
3398,19.5475,7.3132,-1,3
3399,19.5621,7.3142,-1,3
3400,19.5694,7.315,-1,3
3401,19.5768,7.3158,-1,3
3402,19.5768,7.3173,-1,3
3403,19.5841,7.3183,-1,3
3404,19.5914,7.3196,-1,3
3405,19.6061,7.32,-1,3
3406,19.6134,7.3207,-1,3
3407,19.6207,7.3207,-1,3
3408,19.628,7.3207,-1,3
3409,19.6353,7.3209,-1,3
3410,19.6427,7.3213,-1,3
3411,19.65,7.3209,-1,3
3412,19.6573,7.3201,-1,3
3413,19.6646,7.3196,-1,3
3414,19.6719,7.3189,-1,3
3415,19.6792,7.3187,-1,3
3416,19.6866,7.3186,-1,3
3417,19.6939,7.319,-1,3
3418,19.7012,7.3195,-1,3
3419,19.7085,7.3194,-1,3
3420,19.7158,7.3193,-1,3
3421,19.7232,7.3207,-1,3
3422,19.7305,7.3224,-1,3
3423,19.7378,7.324,-1,3
3424,19.7452,7.3253,-1,3
3425,19.7525,7.3271,-1,3
3426,19.7598,7.3286,-1,3
3427,19.7672,7.3309,-1,3
3428,19.7745,7.3333,-1,3
3429,19.7819,7.3365,-1,3
3430,19.7892,7.3394,-1,3
3431,19.7966,7.3421,-1,3
3432,19.804,7.3456,-1,3
3433,19.8113,7.3496,-1,3
3434,19.8187,7.3536,-1,3
3435,19.8261,7.3572,-1,3
3436,19.8335,7.3615,-1,3
3437,19.8408,7.3654,-1,3
3438,19.8482,7.369,-1,3
3439,19.8556,7.3721,-1,3
3440,19.863,7.376,-1,3
3441,19.8704,7.3796,-1,3
3442,19.8778,7.3825,-1,3
3443,19.8852,7.3849,-1,3
3444,19.8926,7.3879,-1,3
3445,19.9,7.3909,-1,3
3446,19.9148,7.3935,-1,3
3447,19.9222,7.396,-1,3
3448,19.9296,7.3988,-1,3
3449,19.937,7.4021,-1,3
3450,19.9445,7.4046,-1,3
3451,19.9519,7.4074,-1,3
3452,19.9593,7.4096,-1,3
3453,19.9667,7.412,-1,3
3454,19.9741,7.4142,-1,3
3455,19.9816,7.4168,-1,3
3456,19.989,7.4197,-1,3
3457,19.9964,7.4222,-1,3
3458,20.0039,7.4243,-1,3
3459,20.0113,7.4256,-1,3
3460,20.0187,7.4274,-1,3
3461,20.0262,7.4288,-1,3
3462,20.0336,7.4308,-1,3
3463,20.041,7.432,-1,3
3464,20.0485,7.4332,-1,3
3465,20.0559,7.4333,-1,3
3466,20.0633,7.4326,-1,3
3467,20.0708,7.4314,-1,3
3468,20.0782,7.4306,-1,3
3469,20.0856,7.4297,-1,3
3470,20.093,7.4284,-1,3
3471,20.1004,7.4265,-1,3
3472,20.1078,7.4239,-1,3
3473,20.1152,7.4211,-1,3
3474,20.1227,7.4184,-1,3
3475,20.1301,7.4157,-1,3
3476,20.1375,7.4128,-1,3
3477,20.1448,7.4097,-1,3
3478,20.1522,7.406,-1,3
3479,20.1596,7.403,-1,3
3480,20.167,7.3999,-1,3
3481,20.1744,7.3965,-1,3
3482,20.1818,7.3929,-1,3
3483,20.1891,7.3901,-1,3
3484,20.1965,7.3867,-1,3
3485,20.2039,7.3832,-1,3
3486,20.2113,7.3795,-1,3
3487,20.226,7.3755,-1,3
3488,20.2333,7.372,-1,3
3489,20.2407,7.3675,-1,3
3490,20.248,7.3626,-1,3
3491,20.2553,7.3575,-1,3
3492,20.2627,7.3521,-1,3
3493,20.27,7.3458,-1,3
3494,20.2773,7.3392,-1,3
3495,20.2846,7.3327,-1,3
3496,20.2919,7.3264,-1,3
3497,20.2992,7.3198,-1,3
3498,20.3064,7.3123,-1,3
3499,20.3137,7.304,-1,3
3500,20.321,7.2957,-1,3
3501,20.3282,7.2881,-1,3
3502,20.3355,7.2804,-1,3
3503,20.3427,7.2725,-1,3
3504,20.3499,7.2641,-1,3
3505,20.3571,7.2552,-1,3
3506,20.3643,7.2461,-1,3
3507,20.3715,7.238,-1,3
3508,20.3787,7.2297,-1,3
3509,20.3859,7.2217,-1,3
3510,20.3931,7.213,-1,3
3511,20.4003,7.2043,-1,3
3512,20.4074,7.1955,-1,3
3513,20.4146,7.1868,-1,3
3514,20.4217,7.178,-1,3
3515,20.4288,7.1698,-1,3
3516,20.4431,7.1599,-1,3
3517,20.4431,7.149,-1,3
3518,20.4572,7.1385,-1,3
3519,20.4643,7.1279,-1,3
3520,20.4714,7.1177,-1,3
3521,20.4784,7.1066,-1,3
3522,20.4855,7.0954,-1,3
3523,20.4925,7.0837,-1,3
3524,20.4995,7.0717,-1,3
3525,20.5065,7.0598,-1,3
3526,20.5205,7.048,-1,3
3527,20.5275,7.0363,-1,3
3528,20.5345,7.0244,-1,3
3529,20.5414,7.0127,-1,3
3530,20.5484,7.0006,-1,3
3531,20.5553,6.9887,-1,3
3532,20.5623,6.9777,-1,3
3533,20.5692,6.9674,-1,3
3534,20.5761,6.9579,-1,3
3535,20.583,6.9473,-1,3
3536,20.5899,6.938,-1,3
3537,20.5968,6.929,-1,3
3538,20.6037,6.9206,-1,3
3539,20.6106,6.9127,-1,3
3540,20.6175,6.906,-1,3
3541,20.6243,6.8991,-1,3
3542,20.6312,6.892,-1,3
3543,20.638,6.8846,-1,3
3544,20.6449,6.878,-1,3
3545,20.6517,6.8725,-1,3
3546,20.6586,6.8676,-1,3
3547,20.6654,6.8632,-1,3
3548,20.6723,6.8582,-1,3
3549,20.6791,6.854,-1,3
3550,20.6928,6.849,-1,3
3551,20.6928,6.8447,-1,3
3552,20.6996,6.8412,-1,3
3553,20.7064,6.8387,-1,3
3554,20.7133,6.836,-1,3
3555,20.7201,6.8331,-1,3
3556,20.7337,6.8307,-1,3
3557,20.7406,6.8287,-1,3
3558,20.7474,6.8281,-1,3
3559,20.7542,6.8273,-1,3
3560,20.761,6.8272,-1,3
3561,20.7679,6.8278,-1,3
3562,20.7747,6.8283,-1,3
3563,20.7816,6.8291,-1,3
3564,20.7884,6.8305,-1,3
3565,20.7952,6.8327,-1,3
3566,20.8021,6.835,-1,3
3567,20.8089,6.8373,-1,3
3568,20.8158,6.84,-1,3
3569,20.8227,6.8433,-1,3
3570,20.8295,6.8474,-1,3
3571,20.8364,6.8522,-1,3
3572,20.8433,6.8569,-1,3
3573,20.8502,6.8612,-1,3
3574,20.857,6.8655,-1,3
3575,20.8639,6.8709,-1,3
3576,20.8708,6.8767,-1,3
3577,20.8778,6.8834,-1,3
3578,20.8847,6.8895,-1,3
3579,20.8916,6.8953,-1,3
3580,20.8985,6.9009,-1,3
3581,20.9055,6.9064,-1,3
3582,20.9124,6.9126,-1,3
3583,20.9193,6.9198,-1,3
3584,20.9263,6.9271,-1,3
3585,20.9333,6.9341,-1,3
3586,20.9403,6.9408,-1,3
3587,20.9472,6.9481,-1,3
3588,20.9542,6.9556,-1,3
3589,20.9612,6.9634,-1,3
3590,20.9682,6.9716,-1,3
3591,20.9753,6.9802,-1,3
3592,20.9823,6.9887,-1,3
3593,20.9893,6.9977,-1,3
3594,20.9964,7.0072,-1,3
3595,21.0035,7.0167,-1,3
3596,21.0105,7.0274,-1,3
3597,21.0176,7.039,-1,3
3598,21.0319,7.0518,-1,3
3599,21.039,7.0654,-1,3
3600,21.0461,7.079,-1,3
3601,21.0533,7.0933,-1,3
3602,21.0605,7.1081,-1,3
3603,21.0677,7.1233,-1,3
3604,21.0749,7.1386,-1,3
3605,21.0821,7.1547,-1,3
3606,21.0893,7.1703,-1,3
3607,21.0966,7.1849,-1,3
3608,21.1038,7.1991,-1,3
3609,21.1111,7.2133,-1,3
3610,21.1184,7.2273,-1,3
3611,21.1257,7.241,-1,3
3612,21.133,7.2543,-1,3
3613,21.1403,7.2676,-1,3
3614,21.1477,7.2804,-1,3
3615,21.155,7.2926,-1,3
3616,21.1624,7.3044,-1,3
3617,21.1697,7.3155,-1,3
3618,21.1771,7.3268,-1,3
3619,21.1845,7.3379,-1,3
3620,21.1919,7.3484,-1,3
3621,21.1993,7.3581,-1,3
3622,21.2067,7.3684,-1,3
3623,21.2141,7.3778,-1,3
3624,21.2215,7.3876,-1,3
3625,21.229,7.3967,-1,3
3626,21.2364,7.406,-1,3
3627,21.2439,7.4151,-1,3
3628,21.2513,7.4238,-1,3
3629,21.2588,7.4314,-1,3
3630,21.2738,7.4399,-1,3
3631,21.2812,7.4485,-1,3
3632,21.2887,7.4557,-1,3
3633,21.2962,7.463,-1,3
3634,21.3037,7.469,-1,3
3635,21.3112,7.475,-1,3
3636,21.3187,7.4802,-1,3
3637,21.3262,7.485,-1,3
3638,21.3337,7.4887,-1,3
3639,21.3412,7.4922,-1,3
3640,21.3487,7.4943,-1,3
3641,21.3562,7.4956,-1,3
3642,21.3712,7.4974,-1,3
3643,21.3712,7.4974,-1,3
3644,21.3787,7.4976,-1,3
3645,21.3862,7.4967,-1,3
3646,21.3937,7.4961,-1,3
3647,21.4012,7.495,-1,3
3648,21.4087,7.4939,-1,3
3649,21.4236,7.4929,-1,3
3650,21.4311,7.4912,-1,3
3651,21.4386,7.4891,-1,3
3652,21.4386,7.4859,-1,3
3653,21.4461,7.4835,-1,3
3654,21.4535,7.4809,-1,3
3655,21.461,7.4787,-1,3
3656,21.4685,7.4762,-1,3
3657,21.4759,7.4727,-1,3
3658,21.4834,7.4686,-1,3
3659,21.4908,7.4645,-1,3
3660,21.5057,7.4614,-1,3
3661,21.5057,7.4588,-1,3
3662,21.5132,7.4567,-1,3
3663,21.5206,7.4533,-1,3
3664,21.528,7.4495,-1,3
3665,21.5354,7.4452,-1,3
3666,21.5429,7.4402,-1,3
3667,21.5577,7.436,-1,3
3668,21.5577,7.4314,-1,3
3669,21.5725,7.426,-1,3
3670,21.5799,7.4205,-1,3
3671,21.5873,7.414,-1,3
3672,21.5947,7.4071,-1,3
3673,21.602,7.401,-1,3
3674,21.6094,7.3947,-1,3
3675,21.6168,7.3882,-1,3
3676,21.6241,7.382,-1,3
3677,21.6315,7.3754,-1,3
3678,21.6388,7.3695,-1,3
3679,21.6535,7.3633,-1,3
3680,21.6608,7.3567,-1,3
3681,21.6681,7.3505,-1,3
3682,21.6754,7.3441,-1,3
3683,21.6827,7.3373,-1,3
3684,21.69,7.3306,-1,3
3685,21.6973,7.3245,-1,3
3686,21.7046,7.3181,-1,3
3687,21.7119,7.3122,-1,3
3688,21.7192,7.3066,-1,3
3689,21.7265,7.3018,-1,3
3690,21.7338,7.296,-1,3
3691,21.741,7.2894,-1,3
3692,21.7483,7.2833,-1,3
3693,21.7555,7.2771,-1,3
3694,21.7628,7.2713,-1,3
3695,21.77,7.265,-1,3
3696,21.7772,7.2591,-1,3
3697,21.7844,7.2526,-1,3
3698,21.7917,7.2455,-1,3
3699,21.7989,7.2375,-1,3
3700,21.8061,7.2305,-1,3
3701,21.8132,7.224,-1,3
3702,21.8204,7.2172,-1,3
3703,21.8276,7.2105,-1,3
3704,21.8348,7.2037,-1,3
3705,21.842,7.197,-1,3
3706,21.8491,7.19,-1,3
3707,21.8563,7.1834,-1,3
3708,21.8634,7.1769,-1,3
3709,21.8706,7.1714,-1,3
3710,21.8777,7.1659,-1,3
3711,21.8848,7.1603,-1,3
3712,21.892,7.1545,-1,3
3713,21.8991,7.1491,-1,3
3714,21.9062,7.1441,-1,3
3715,21.9133,7.1381,-1,3
3716,21.9205,7.1325,-1,3
3717,21.9347,7.1268,-1,3
3718,21.9417,7.1214,-1,3
3719,21.9488,7.1155,-1,3
3720,21.9559,7.1095,-1,3
3721,21.963,7.1035,-1,3
3722,21.9701,7.0977,-1,3
3723,21.9771,7.0914,-1,3
3724,21.9842,7.0848,-1,3
3725,21.9912,7.0788,-1,3
3726,21.9983,7.0723,-1,3
3727,22.0053,7.0659,-1,3
3728,22.0124,7.0595,-1,3
3729,22.0194,7.0525,-1,3
3730,22.0264,7.0458,-1,3
3731,22.0334,7.0389,-1,3
3732,22.0404,7.0323,-1,3
3733,22.0474,7.0258,-1,3
3734,22.0544,7.0187,-1,3
3735,22.0614,7.013,-1,3
3736,22.0684,7.0075,-1,3
3737,22.0753,7.0017,-1,3
3738,22.0823,6.9953,-1,3
3739,22.0893,6.99,-1,3
3740,22.1032,6.9841,-1,3
3741,22.1101,6.9785,-1,3
3742,22.1171,6.9727,-1,3
3743,22.124,6.9672,-1,3
3744,22.131,6.9622,-1,3
3745,22.1379,6.9562,-1,3
3746,22.1448,6.9503,-1,3
3747,22.1517,6.9442,-1,3
3748,22.1587,6.9388,-1,3
3749,22.1656,6.9333,-1,3
3750,22.1725,6.9285,-1,3
3751,22.1794,6.923,-1,3
3752,22.1932,6.9169,-1,3
3753,22.2,6.9108,-1,3
3754,22.2069,6.9049,-1,3
3755,22.2138,6.8998,-1,3
3756,22.2207,6.8945,-1,3
3757,22.2275,6.8898,-1,3
3758,22.2344,6.8851,-1,3
3759,22.2413,6.8805,-1,3
3760,22.2481,6.8754,-1,3
3761,22.255,6.8712,-1,3
3762,22.2618,6.8685,-1,3
3763,22.2687,6.8663,-1,3
3764,22.2756,6.8643,-1,3
3765,22.2824,6.8619,-1,3
3766,22.2893,6.86,-1,3
3767,22.2961,6.8584,-1,3
3768,22.303,6.8573,-1,3
3769,22.3098,6.8567,-1,3
3770,22.3167,6.8574,-1,3
3771,22.3236,6.8587,-1,3
3772,22.3304,6.8596,-1,3
3773,22.3373,6.8607,-1,3
3774,22.3442,6.8628,-1,3
3775,22.3511,6.8658,-1,3
3776,22.358,6.8696,-1,3
3777,22.3649,6.8737,-1,3
3778,22.3718,6.8781,-1,3
3779,22.3787,6.8827,-1,3
3780,22.3856,6.8873,-1,3
3781,22.3925,6.893,-1,3
3782,22.3994,6.8993,-1,3
3783,22.4064,6.9058,-1,3
3784,22.4133,6.9122,-1,3
3785,22.4203,6.9193,-1,3
3786,22.4272,6.9262,-1,3
3787,22.4342,6.9342,-1,3
3788,22.4412,6.9424,-1,3
3789,22.4482,6.9516,-1,3
3790,22.4552,6.9609,-1,3
3791,22.4622,6.9716,-1,3
3792,22.4692,6.9815,-1,3
3793,22.4833,6.9936,-1,3
3794,22.4833,7.0048,-1,3
3795,22.4904,7.0174,-1,3
3796,22.4975,7.0293,-1,3
3797,22.5046,7.0428,-1,3
3798,22.5188,7.057,-1,3
3799,22.526,7.0713,-1,3
3800,22.5331,7.0859,-1,3
3801,22.5403,7.0997,-1,3
3802,22.5475,7.115,-1,3
3803,22.5547,7.129,-1,3
3804,22.5619,7.1444,-1,3
3805,22.5691,7.1589,-1,3
3806,22.5763,7.1751,-1,3
3807,22.5836,7.1893,-1,3
3808,22.5908,7.2031,-1,3
3809,22.5981,7.217,-1,3
3810,22.6054,7.2308,-1,3
3811,22.6127,7.2441,-1,3
3812,22.62,7.2572,-1,3
3813,22.6274,7.2707,-1,3
3814,22.6347,7.2841,-1,3
3815,22.6421,7.2972,-1,3
3816,22.6494,7.3094,-1,3
3817,22.6568,7.3224,-1,3
3818,22.6642,7.3352,-1,3
3819,22.6716,7.3478,-1,3
3820,22.679,7.3605,-1,3
3821,22.6865,7.3736,-1,3
3822,22.6939,7.3865,-1,3
3823,22.7014,7.3993,-1,3
3824,22.7088,7.412,-1,3
3825,22.7163,7.4245,-1,3
3826,22.7238,7.4381,-1,3
3827,22.7313,7.4518,-1,3
3828,22.7388,7.465,-1,3
3829,22.7464,7.4777,-1,3
3830,22.7539,7.491,-1,3
3831,22.7615,7.5039,-1,3
3832,22.7691,7.5174,-1,3
3833,22.7767,7.5303,-1,3
3834,22.7843,7.5434,-1,3
3835,22.7919,7.5559,-1,3
3836,22.7995,7.5678,-1,3
3837,22.8071,7.5789,-1,3
3838,22.8148,7.5908,-1,3
3839,22.8224,7.6022,-1,3
3840,22.8301,7.6131,-1,3
3841,22.8377,7.6236,-1,3
3842,22.8454,7.6335,-1,3
3843,22.8531,7.6429,-1,3
3844,22.8608,7.6515,-1,3
3845,22.8685,7.6594,-1,3
3846,22.8762,7.667,-1,3
3847,22.8839,7.6742,-1,3
3848,22.8916,7.6807,-1,3
3849,22.8993,7.6874,-1,3
3850,22.907,7.6936,-1,3
3851,22.9147,7.6992,-1,3
3852,22.9224,7.7041,-1,3
3853,22.9302,7.7094,-1,3
3854,22.9379,7.7145,-1,3
3855,22.9457,7.7195,-1,3
3856,22.9534,7.7233,-1,3
3857,22.9611,7.727,-1,3
3858,22.9689,7.7301,-1,3
3859,22.9766,7.7328,-1,3
3860,22.9843,7.7347,-1,3
3861,22.9921,7.7364,-1,3
3862,22.9998,7.7371,-1,3
3863,23.0076,7.7369,-1,3
3864,23.0153,7.7359,-1,3
3865,23.023,7.7349,-1,3
3866,23.0307,7.7335,-1,3
3867,23.0384,7.7312,-1,3
3868,23.0461,7.7279,-1,3
3869,23.0538,7.724,-1,3
3870,23.0615,7.7193,-1,3
3871,23.0692,7.7141,-1,3
3872,23.0769,7.7084,-1,3
3873,23.0846,7.7015,-1,3
3874,23.0922,7.6941,-1,3
3875,23.0999,7.6857,-1,3
3876,23.1075,7.6779,-1,3
3877,23.1152,7.6694,-1,3
3878,23.1228,7.661,-1,3
3879,23.138,7.6525,-1,3
3880,23.1456,7.6437,-1,3
3881,23.1532,7.6346,-1,3
3882,23.1608,7.6251,-1,3
3883,23.1684,7.6164,-1,3
3884,23.176,7.6075,-1,3
3885,23.1835,7.5992,-1,3
3886,23.1911,7.59,-1,3
3887,23.1986,7.5811,-1,3
3888,23.2061,7.5723,-1,3
3889,23.2136,7.5629,-1,3
3890,23.2212,7.5537,-1,3
3891,23.2287,7.5447,-1,3
3892,23.2362,7.5359,-1,3
3893,23.2437,7.5265,-1,3
3894,23.2511,7.5168,-1,3
3895,23.2586,7.5067,-1,3
3896,23.266,7.4973,-1,3
3897,23.2735,7.4879,-1,3
3898,23.2809,7.4779,-1,3
3899,23.2883,7.4675,-1,3
3900,23.2957,7.4579,-1,3
3901,23.3032,7.4483,-1,3
3902,23.3106,7.4384,-1,3
3903,23.3179,7.4282,-1,3
3904,23.3253,7.4187,-1,3
3905,23.3327,7.4091,-1,3
3906,23.34,7.3993,-1,3
3907,23.3474,7.39,-1,3
3908,23.3547,7.3818,-1,3
3909,23.3621,7.3733,-1,3
3910,23.3694,7.3642,-1,3
3911,23.3767,7.3543,-1,3
3912,23.384,7.3456,-1,3
3913,23.3913,7.3377,-1,3
3914,23.3986,7.3304,-1,3
3915,23.4059,7.3234,-1,3
3916,23.4132,7.3162,-1,3
3917,23.4205,7.3082,-1,3
3918,23.4277,7.2995,-1,3
3919,23.435,7.2911,-1,3
3920,23.4422,7.2834,-1,3
3921,23.4495,7.2767,-1,3
3922,23.4567,7.2696,-1,3
3923,23.4639,7.2617,-1,3
3924,23.4711,7.253,-1,3
3925,23.4783,7.2447,-1,3
3926,23.4855,7.236,-1,3
3927,23.4927,7.2279,-1,3
3928,23.4999,7.2197,-1,3
3929,23.5071,7.2124,-1,3
3930,23.5143,7.2047,-1,3
3931,23.5286,7.1957,-1,3
3932,23.5357,7.1872,-1,3
3933,23.5429,7.1794,-1,3
3934,23.55,7.1721,-1,3
3935,23.5572,7.1643,-1,3
3936,23.5643,7.157,-1,3
3937,23.5714,7.1498,-1,3
3938,23.5785,7.1438,-1,3
3939,23.5856,7.1376,-1,3
3940,23.5928,7.1316,-1,3
3941,23.5999,7.1266,-1,3
3942,23.607,7.1212,-1,3
3943,23.614,7.1166,-1,3
3944,23.6212,7.1121,-1,3
3945,23.6282,7.1076,-1,3
3946,23.6353,7.1032,-1,3
3947,23.6424,7.0991,-1,3
3948,23.6495,7.0949,-1,3
3949,23.6566,7.0904,-1,3
3950,23.6636,7.0855,-1,3
3951,23.6707,7.0814,-1,3
3952,23.6777,7.0774,-1,3
3953,23.6848,7.0733,-1,3
3954,23.6918,7.0686,-1,3
3955,23.6989,7.0642,-1,3
3956,23.7059,7.0597,-1,3
3957,23.7129,7.0555,-1,3
3958,23.72,7.0514,-1,3
3959,23.727,7.0481,-1,3
3960,23.7341,7.0449,-1,3
3961,23.7411,7.0416,-1,3
3962,23.7481,7.0384,-1,3
3963,23.7551,7.036,-1,3
3964,23.7622,7.0343,-1,3
3965,23.7692,7.0337,-1,3
3966,23.7762,7.033,-1,3
3967,23.7833,7.0321,-1,3
3968,23.7903,7.0312,-1,3
3969,23.7973,7.0307,-1,3
3970,23.8044,7.0311,-1,3
3971,23.8114,7.0317,-1,3
3972,23.8184,7.0334,-1,3
3973,23.8255,7.0344,-1,3
3974,23.8325,7.0351,-1,3
3975,23.8396,7.035,-1,3
3976,23.8466,7.0357,-1,3
3977,23.8536,7.0368,-1,3
3978,23.8607,7.039,-1,3
3979,23.8677,7.041,-1,3
3980,23.8748,7.0426,-1,3
3981,23.8818,7.0432,-1,3
3982,23.8889,7.0432,-1,3
3983,23.8959,7.0434,-1,3
3984,23.903,7.0445,-1,3
3985,23.91,7.0459,-1,3
3986,23.9171,7.047,-1,3
3987,23.9241,7.0476,-1,3
3988,23.9312,7.0471,-1,3
3989,23.9382,7.0464,-1,3
3990,23.9523,7.0458,-1,3
3991,23.9593,7.0459,-1,3
3992,23.9664,7.0468,-1,3
3993,23.9734,7.0473,-1,3
3994,23.9805,7.0469,-1,3
3995,23.9875,7.0458,-1,3
3996,23.9946,7.0451,-1,3
3997,24.0016,7.0444,-1,3
3998,24.0086,7.0445,-1,3
3999,24.0157,7.0445,-1,3
4000,24.0227,7.0446,-1,3
4001,24.0298,7.0441,-1,3
4002,24.0368,7.0431,-1,3
4003,24.0439,7.0423,-1,3
4004,24.0509,7.0428,-1,3
4005,24.058,7.0438,-1,3
4006,24.065,7.0441,-1,3
4007,24.0721,7.0443,-1,3
4008,24.0791,7.044,-1,3
4009,24.0861,7.0438,-1,3
4010,24.0932,7.0435,-1,3
4011,24.1002,7.0435,-1,3
4012,24.1073,7.0435,-1,3
4013,24.1143,7.0433,-1,3
4014,24.1213,7.0423,-1,3
4015,24.1284,7.0417,-1,3
4016,24.1354,7.0415,-1,3
4017,24.1425,7.0414,-1,3
4018,24.1495,7.041,-1,3
4019,24.1566,7.0412,-1,3
4020,24.1636,7.042,-1,3
4021,24.1707,7.0429,-1,3
4022,24.1777,7.0435,-1,3
4023,24.1847,7.0448,-1,3
4024,24.1918,7.0462,-1,3
4025,24.1989,7.0483,-1,3
4026,24.2059,7.0504,-1,3
4027,24.213,7.0538,-1,3
4028,24.2201,7.0577,-1,3
4029,24.2272,7.0617,-1,3
4030,24.2343,7.0654,-1,3
4031,24.2413,7.07,-1,3
4032,24.2484,7.075,-1,3
4033,24.2556,7.0806,-1,3
4034,24.2627,7.0866,-1,3
4035,24.2698,7.0926,-1,3
4036,24.2769,7.099,-1,3
4037,24.284,7.1051,-1,3
4038,24.2912,7.1113,-1,3
4039,24.2983,7.1176,-1,3
4040,24.3055,7.1247,-1,3
4041,24.3127,7.1325,-1,3
4042,24.3198,7.1405,-1,3
4043,24.3342,7.1486,-1,3
4044,24.3342,7.1568,-1,3
4045,24.3414,7.1649,-1,3
4046,24.3486,7.1726,-1,3
4047,24.363,7.1816,-1,3
4048,24.3703,7.1906,-1,3
4049,24.3775,7.2,-1,3
4050,24.3848,7.209,-1,3
4051,24.392,7.2179,-1,3
4052,24.3993,7.2271,-1,3
4053,24.4066,7.2364,-1,3
4054,24.4139,7.2458,-1,3
4055,24.4212,7.2557,-1,3
4056,24.4285,7.2663,-1,3
4057,24.4358,7.2763,-1,3
4058,24.4431,7.2865,-1,3
4059,24.4505,7.2969,-1,3
4060,24.4578,7.3075,-1,3
4061,24.4652,7.3177,-1,3
4062,24.4726,7.3287,-1,3
4063,24.48,7.3394,-1,3
4064,24.4874,7.3497,-1,3
4065,24.4948,7.3594,-1,3
4066,24.5022,7.3699,-1,3
4067,24.5096,7.3799,-1,3
4068,24.517,7.3901,-1,3
4069,24.5245,7.3998,-1,3
4070,24.5319,7.4098,-1,3
4071,24.5469,7.4207,-1,3
4072,24.5543,7.4307,-1,3
4073,24.5618,7.4408,-1,3
4074,24.5693,7.4512,-1,3
4075,24.5768,7.4619,-1,3
4076,24.5844,7.4718,-1,3
4077,24.5919,7.4821,-1,3
4078,24.5994,7.4922,-1,3
4079,24.607,7.5029,-1,3
4080,24.6145,7.5145,-1,3
4081,24.6221,7.5247,-1,3
4082,24.6297,7.5354,-1,3
4083,24.6373,7.5449,-1,3
4084,24.6448,7.5546,-1,3
4085,24.6524,7.5635,-1,3
4086,24.6601,7.5727,-1,3
4087,24.6677,7.5816,-1,3
4088,24.6753,7.5897,-1,3
4089,24.6829,7.5975,-1,3
4090,24.6905,7.6045,-1,3
4091,24.6982,7.6115,-1,3
4092,24.7058,7.6177,-1,3
4093,24.7135,7.6235,-1,3
4094,24.7211,7.6289,-1,3
4095,24.7288,7.6344,-1,3
4096,24.7364,7.6392,-1,3
4097,24.7441,7.6425,-1,3
4098,24.7517,7.6459,-1,3
4099,24.7594,7.6481,-1,3
4100,24.767,7.6492,-1,3
4101,24.7747,7.6497,-1,3
4102,24.7823,7.6498,-1,3
4103,24.79,7.6498,-1,3
4104,24.7976,7.6493,-1,3
4105,24.8053,7.6482,-1,3
4106,24.8129,7.6469,-1,3
4107,24.8205,7.6452,-1,3
4108,24.8282,7.6427,-1,3
4109,24.8358,7.6402,-1,3
4110,24.8434,7.6373,-1,3
4111,24.851,7.6338,-1,3
4112,24.8663,7.6303,-1,3
4113,24.8739,7.6262,-1,3
4114,24.8739,7.6216,-1,3
4115,24.8891,7.6165,-1,3
4116,24.8966,7.6112,-1,3
4117,24.9042,7.606,-1,3
4118,24.9118,7.6014,-1,3
4119,24.9194,7.5955,-1,3
4120,24.9269,7.5895,-1,3
4121,24.9345,7.5832,-1,3
4122,24.942,7.576,-1,3
4123,24.9496,7.5691,-1,3
4124,24.9571,7.5622,-1,3
4125,24.9646,7.5548,-1,3
4126,24.9721,7.5467,-1,3
4127,24.9796,7.5384,-1,3
4128,24.9871,7.5297,-1,3
4129,24.9946,7.5214,-1,3
4130,25.0021,7.5129,-1,3
4131,25.0095,7.5045,-1,3
4132,25.017,7.4955,-1,3
4133,25.0244,7.4866,-1,3
4134,25.0319,7.4778,-1,3
4135,25.0393,7.4693,-1,3
4136,25.0467,7.4612,-1,3
4137,25.0541,7.4536,-1,3
4138,25.0616,7.4453,-1,3
4139,25.069,7.4372,-1,3
4140,25.0763,7.4285,-1,3
4141,25.0837,7.4205,-1,3
4142,25.0911,7.4132,-1,3
4143,25.0985,7.4067,-1,3
4144,25.1059,7.3998,-1,3
4145,25.1132,7.3934,-1,3
4146,25.1206,7.3862,-1,3
4147,25.1279,7.3786,-1,3
4148,25.1353,7.3711,-1,3
4149,25.1426,7.364,-1,3
4150,25.1499,7.3573,-1,3
4151,25.1572,7.3507,-1,3
4152,25.1646,7.3439,-1,3
4153,25.1719,7.3366,-1,3
4154,25.1791,7.3292,-1,3
4155,25.1864,7.3214,-1,3
4156,25.1937,7.3145,-1,3
4157,25.201,7.3077,-1,3
4158,25.2083,7.3014,-1,3
4159,25.2155,7.2942,-1,3
4160,25.2228,7.2871,-1,3
4161,25.2373,7.2801,-1,3
4162,25.2446,7.2734,-1,3
4163,25.2518,7.2668,-1,3
4164,25.259,7.2604,-1,3
4165,25.2663,7.2546,-1,3
4166,25.2735,7.2486,-1,3
4167,25.2807,7.2434,-1,3
4168,25.2879,7.238,-1,3
4169,25.2951,7.2338,-1,3
4170,25.3024,7.2297,-1,3
4171,25.3096,7.2258,-1,3
4172,25.3168,7.2218,-1,3
4173,25.324,7.2179,-1,3
4174,25.3312,7.2142,-1,3
4175,25.3384,7.2105,-1,3
4176,25.3455,7.2066,-1,3
4177,25.3527,7.2026,-1,3
4178,25.3599,7.1985,-1,3
4179,25.3671,7.1938,-1,3
4180,25.3743,7.1898,-1,3
4181,25.3814,7.1856,-1,3
4182,25.3886,7.1813,-1,3
4183,25.3957,7.1768,-1,3
4184,25.4029,7.1726,-1,3
4185,25.41,7.1678,-1,3
4186,25.4172,7.1635,-1,3
4187,25.4243,7.1588,-1,3
4188,25.4315,7.155,-1,3
4189,25.4386,7.1514,-1,3
4190,25.4457,7.1477,-1,3
4191,25.46,7.1438,-1,3
4192,25.4671,7.1404,-1,3
4193,25.4742,7.1373,-1,3
4194,25.4814,7.134,-1,3
4195,25.4885,7.1316,-1,3
4196,25.4956,7.1291,-1,3
4197,25.5027,7.1272,-1,3
4198,25.5098,7.1247,-1,3
4199,25.5169,7.1224,-1,3
4200,25.524,7.1194,-1,3
4201,25.5312,7.1168,-1,3
4202,25.5383,7.1157,-1,3
4203,25.5454,7.1143,-1,3
4204,25.5525,7.1125,-1,3
4205,25.5596,7.1106,-1,3
4206,25.5667,7.1085,-1,3
4207,25.5738,7.1062,-1,3
4208,25.5809,7.1049,-1,3
4209,25.588,7.1032,-1,3
4210,25.5951,7.102,-1,3
4211,25.6022,7.1002,-1,3
4212,25.6093,7.097,-1,3
4213,25.6163,7.0946,-1,3
4214,25.6234,7.0931,-1,3
4215,25.6305,7.0912,-1,3
4216,25.6376,7.0896,-1,3
4217,25.6447,7.0873,-1,3
4218,25.6517,7.0847,-1,3
4219,25.6588,7.0825,-1,3
4220,25.6659,7.081,-1,3
4221,25.673,7.0794,-1,3
4222,25.68,7.0775,-1,3
4223,25.6871,7.0752,-1,3
4224,25.6942,7.0728,-1,3
4225,25.7012,7.0708,-1,3
4226,25.7083,7.0682,-1,3
4227,25.7153,7.0666,-1,3
4228,25.7224,7.0647,-1,3
4229,25.7294,7.0627,-1,3
4230,25.7365,7.0602,-1,3
4231,25.7436,7.0587,-1,3
4232,25.7506,7.0572,-1,3
4233,25.7576,7.0554,-1,3
4234,25.7647,7.0533,-1,3
4235,25.7717,7.0513,-1,3
4236,25.7788,7.0499,-1,3
4237,25.7858,7.0478,-1,3
4238,25.7928,7.0454,-1,3
4239,25.8069,7.0433,-1,3
4240,25.8139,7.0412,-1,3
4241,25.821,7.0382,-1,3
4242,25.828,7.0356,-1,3
4243,25.835,7.033,-1,3
4244,25.842,7.0312,-1,3
4245,25.8491,7.0288,-1,3
4246,25.8561,7.0269,-1,3
4247,25.8631,7.0247,-1,3
4248,25.8701,7.0226,-1,3
4249,25.8771,7.0212,-1,3
4250,25.8841,7.0199,-1,3
4251,25.8982,7.0192,-1,3
4252,25.9052,7.0191,-1,3
4253,25.9122,7.0194,-1,3
4254,25.9193,7.0197,-1,3
4255,25.9263,7.0204,-1,3
4256,25.9333,7.021,-1,3
4257,25.9403,7.0227,-1,3
4258,25.9474,7.0253,-1,3
4259,25.9544,7.0277,-1,3
4260,25.9615,7.0304,-1,3
4261,25.9685,7.0333,-1,3
4262,25.9756,7.036,-1,3
4263,25.9826,7.0388,-1,3
4264,25.9897,7.0417,-1,3
4265,25.9967,7.0448,-1,3
4266,26.0038,7.0482,-1,3
4267,26.0109,7.0513,-1,3
4268,26.0179,7.055,-1,3
4269,26.025,7.0582,-1,3
4270,26.0321,7.0618,-1,3
4271,26.0392,7.0652,-1,3
4272,26.0462,7.0684,-1,3
4273,26.0533,7.0724,-1,3
4274,26.0604,7.0765,-1,3
4275,26.0675,7.0805,-1,3
4276,26.0746,7.0842,-1,3
4277,26.0817,7.0889,-1,3
4278,26.0889,7.0932,-1,3
4279,26.096,7.0979,-1,3
4280,26.1031,7.1023,-1,3
4281,26.1102,7.1076,-1,3
4282,26.1174,7.1132,-1,3
4283,26.1245,7.1189,-1,3
4284,26.1317,7.1243,-1,3
4285,26.1388,7.1305,-1,3
4286,26.146,7.1369,-1,3
4287,26.1532,7.1429,-1,3
4288,26.1604,7.1486,-1,3
4289,26.1675,7.155,-1,3
4290,26.1819,7.1616,-1,3
4291,26.1891,7.1675,-1,3
4292,26.1963,7.1738,-1,3
4293,26.2035,7.1789,-1,3
4294,26.2107,7.184,-1,3
4295,26.2179,7.1886,-1,3
4296,26.2251,7.1929,-1,3
4297,26.2323,7.1974,-1,3
4298,26.2395,7.2019,-1,3
4299,26.2468,7.2051,-1,3
4300,26.254,7.2076,-1,3
4301,26.2612,7.2104,-1,3
4302,26.2684,7.2124,-1,3
4303,26.2756,7.2149,-1,3
4304,26.2829,7.2172,-1,3
4305,26.2901,7.2194,-1,3
4306,26.2973,7.2215,-1,3
4307,26.3046,7.2235,-1,3
4308,26.3118,7.2252,-1,3
4309,26.319,7.2274,-1,3
4310,26.3263,7.2291,-1,3
4311,26.3335,7.2306,-1,3
4312,26.3407,7.2322,-1,3
4313,26.348,7.2338,-1,3
4314,26.3552,7.2351,-1,3
4315,26.3625,7.2366,-1,3
4316,26.3697,7.2379,-1,3
4317,26.3769,7.2385,-1,3
4318,26.3842,7.2388,-1,3
4319,26.3987,7.2389,-1,3
4320,26.4059,7.2396,-1,3
4321,26.4131,7.2392,-1,3
4322,26.4204,7.2382,-1,3
4323,26.4276,7.237,-1,3
4324,26.4348,7.2356,-1,3
4325,26.442,7.2331,-1,3
4326,26.4493,7.2304,-1,3
4327,26.4565,7.2281,-1,3
4328,26.4637,7.2251,-1,3
4329,26.4709,7.2216,-1,3
4330,26.4781,7.2174,-1,3
4331,26.4853,7.2138,-1,3
4332,26.4925,7.2097,-1,3
4333,26.4996,7.2052,-1,3
4334,26.5068,7.2008,-1,3
4335,26.514,7.197,-1,3
4336,26.5212,7.1926,-1,3
4337,26.5283,7.1869,-1,3
4338,26.5355,7.1808,-1,3
4339,26.5426,7.1752,-1,3
4340,26.5498,7.1698,-1,3
4341,26.5569,7.1644,-1,3
4342,26.564,7.1586,-1,3
4343,26.5712,7.1517,-1,3
4344,26.5783,7.1445,-1,3
4345,26.5854,7.1375,-1,3
4346,26.5925,7.1308,-1,3
4347,26.5996,7.1242,-1,3
4348,26.6067,7.1178,-1,3
4349,26.6137,7.1099,-1,3
4350,26.6208,7.102,-1,3
4351,26.6278,7.0935,-1,3
4352,26.6349,7.0853,-1,3
4353,26.6419,7.0773,-1,3
4354,26.649,7.0689,-1,3
4355,26.656,7.0594,-1,3
4356,26.663,7.0497,-1,3
4357,26.67,7.0395,-1,3
4358,26.677,7.0294,-1,3
4359,26.6839,7.0197,-1,3
4360,26.6909,7.0096,-1,3
4361,26.6978,6.9984,-1,3
4362,26.7117,6.9869,-1,3
4363,26.7186,6.9757,-1,3
4364,26.7255,6.9644,-1,3
4365,26.7325,6.9533,-1,3
4366,26.7394,6.9428,-1,3
4367,26.7462,6.9326,-1,3
4368,26.7531,6.9216,-1,3
4369,26.76,6.9105,-1,3
4370,26.7668,6.8996,-1,3
4371,26.7805,6.8893,-1,3
4372,26.7874,6.8797,-1,3
4373,26.7874,6.8707,-1,3
4374,26.7942,6.8628,-1,3
4375,26.801,6.8549,-1,3
4376,26.8078,6.8461,-1,3
4377,26.8146,6.8367,-1,3
4378,26.8214,6.8285,-1,3
4379,26.8282,6.8205,-1,3
4380,26.835,6.813,-1,3
4381,26.8418,6.8056,-1,3
4382,26.8485,6.7982,-1,3
4383,26.8553,6.7897,-1,3
4384,26.862,6.7808,-1,3
4385,26.8687,6.7719,-1,3
4386,26.8755,6.7641,-1,3
4387,26.8822,6.757,-1,3
4388,26.8889,6.7495,-1,3
4389,26.8956,6.7422,-1,3
4390,26.9023,6.7344,-1,3
4391,26.909,6.7277,-1,3
4392,26.9157,6.7213,-1,3
4393,26.9224,6.7151,-1,3
4394,26.9291,6.7086,-1,3
4395,26.9358,6.7027,-1,3
4396,26.9424,6.6963,-1,3
4397,26.9491,6.6909,-1,3
4398,26.9558,6.6863,-1,3
4399,26.9625,6.6824,-1,3
4400,26.9691,6.6786,-1,3
4401,26.9758,6.6748,-1,3
4402,26.9891,6.6711,-1,3
4403,26.9958,6.668,-1,3
4404,27.0024,6.6655,-1,3
4405,27.0091,6.6629,-1,3
4406,27.0157,6.661,-1,3
4407,27.0224,6.6588,-1,3
4408,27.029,6.6568,-1,3
4409,27.0357,6.6545,-1,3
4410,27.0423,6.6531,-1,3
4411,27.049,6.6515,-1,3
4412,27.0556,6.6499,-1,3
4413,27.0623,6.6491,-1,3
4414,27.0689,6.6488,-1,3
4415,27.0756,6.6485,-1,3
4416,27.0822,6.6478,-1,3
4417,27.0888,6.6476,-1,3
4418,27.0955,6.6475,-1,3
4419,27.1021,6.6477,-1,3
4420,27.1088,6.6476,-1,3
4421,27.1154,6.6484,-1,3
4422,27.1221,6.6495,-1,3
4423,27.1288,6.6508,-1,3
4424,27.1354,6.6517,-1,3
4425,27.1421,6.6537,-1,3
4426,27.1488,6.6563,-1,3
4427,27.1554,6.6593,-1,3
4428,27.1621,6.6625,-1,3
4429,27.1688,6.6665,-1,3
4430,27.1755,6.6701,-1,3
4431,27.1822,6.6739,-1,3
4432,27.1889,6.6785,-1,3
4433,27.1956,6.6845,-1,3
4434,27.2023,6.6918,-1,3
4435,27.2158,6.6987,-1,3
4436,27.2225,6.7056,-1,3
4437,27.2293,6.713,-1,3
4438,27.236,6.7206,-1,3
4439,27.2428,6.7278,-1,3
4440,27.2496,6.7367,-1,3
4441,27.2564,6.7468,-1,3
4442,27.2632,6.7568,-1,3
4443,27.27,6.7654,-1,3
4444,27.2768,6.7731,-1,3
4445,27.2836,6.7816,-1,3
4446,27.2904,6.7912,-1,3
4447,27.2973,6.8008,-1,3
4448,27.3041,6.8106,-1,3
4449,27.311,6.8217,-1,3
4450,27.3179,6.8327,-1,3
4451,27.3248,6.843,-1,3
4452,27.3386,6.854,-1,3
4453,27.3455,6.8655,-1,3
4454,27.3455,6.8781,-1,3
4455,27.3524,6.8895,-1,3
4456,27.3594,6.9005,-1,3
4457,27.3663,6.9115,-1,3
4458,27.3733,6.9227,-1,3
4459,27.3803,6.9332,-1,3
4460,27.3873,6.9456,-1,3
4461,27.3943,6.9577,-1,3
4462,27.4083,6.9694,-1,3
4463,27.4083,6.9801,-1,3
4464,27.4154,6.9909,-1,3
4465,27.4224,7.0023,-1,3
4466,27.4295,7.0143,-1,3
4467,27.4366,7.0263,-1,3
4468,27.4437,7.039,-1,3
4469,27.4508,7.0518,-1,3
4470,27.4579,7.0624,-1,3
4471,27.465,7.0728,-1,3
4472,27.4721,7.0837,-1,3
4473,27.4793,7.0953,-1,3
4474,27.4864,7.1062,-1,3
4475,27.4936,7.1174,-1,3
4476,27.5008,7.1282,-1,3
4477,27.5079,7.1386,-1,3
4478,27.5151,7.1485,-1,3
4479,27.5223,7.1581,-1,3
4480,27.5296,7.1679,-1,3
4481,27.5368,7.1775,-1,3
4482,27.544,7.1865,-1,3
4483,27.5512,7.1954,-1,3
4484,27.5585,7.2042,-1,3
4485,27.5657,7.2135,-1,3
4486,27.573,7.2227,-1,3
4487,27.5803,7.2315,-1,3
4488,27.5875,7.2399,-1,3
4489,27.5948,7.2489,-1,3
4490,27.6021,7.2571,-1,3
4491,27.6094,7.2662,-1,3
4492,27.6167,7.2752,-1,3
4493,27.6241,7.2849,-1,3
4494,27.6314,7.2944,-1,3
4495,27.6388,7.3038,-1,3
4496,27.6461,7.3127,-1,3
4497,27.6535,7.3222,-1,3
4498,27.6609,7.332,-1,3
4499,27.6682,7.3417,-1,3
4500,27.6756,7.3516,-1,3
4501,27.683,7.3611,-1,3
4502,27.6905,7.3705,-1,3
4503,27.6979,7.3796,-1,3
4504,27.7053,7.3889,-1,3
4505,27.7127,7.3982,-1,3
4506,27.7202,7.4076,-1,3
4507,27.7276,7.4168,-1,3
4508,27.7351,7.4262,-1,3
4509,27.7426,7.4353,-1,3
4510,27.7501,7.4451,-1,3
4511,27.7651,7.4552,-1,3
4512,27.7726,7.4653,-1,3
4513,27.7801,7.4755,-1,3
4514,27.7876,7.4855,-1,3
4515,27.7952,7.4956,-1,3
4516,27.8027,7.5061,-1,3
4517,27.8103,7.5169,-1,3
4518,27.8179,7.5275,-1,3
4519,27.8255,7.5383,-1,3
4520,27.833,7.5485,-1,3
4521,27.8407,7.5586,-1,3
4522,27.8483,7.5687,-1,3
4523,27.8559,7.5788,-1,3
4524,27.8635,7.5891,-1,3
4525,27.8712,7.5992,-1,3
4526,27.8788,7.6087,-1,3
4527,27.8865,7.6183,-1,3
4528,27.8941,7.6275,-1,3
4529,27.9018,7.6366,-1,3
4530,27.9095,7.6455,-1,3
4531,27.9172,7.6537,-1,3
4532,27.9249,7.6625,-1,3
4533,27.9326,7.6709,-1,3
4534,27.9403,7.6785,-1,3
4535,27.948,7.6855,-1,3
4536,27.9558,7.6932,-1,3
4537,27.9635,7.7002,-1,3
4538,27.9712,7.7075,-1,3
4539,27.979,7.7141,-1,3
4540,27.9867,7.7212,-1,3
4541,27.9945,7.7282,-1,3
4542,28.0023,7.7353,-1,3
4543,28.01,7.7423,-1,3
4544,28.0178,7.7502,-1,3
4545,28.0256,7.7579,-1,3
4546,28.0334,7.7654,-1,3
4547,28.0412,7.7732,-1,3
4548,28.049,7.7809,-1,3
4549,28.0569,7.7886,-1,3
4550,28.0647,7.7963,-1,3
4551,28.0725,7.804,-1,3
4552,28.0882,7.8115,-1,3
4553,28.0961,7.8188,-1,3
4554,28.1039,7.8266,-1,3
4555,28.1118,7.8346,-1,3
4556,28.1197,7.8414,-1,3
4557,28.1197,7.8474,-1,3
4558,28.1354,7.8535,-1,3
4559,28.1433,7.8597,-1,3
4560,28.1512,7.8657,-1,3
4561,28.1591,7.8712,-1,3
4562,28.167,7.8761,-1,3
4563,28.1749,7.8804,-1,3
4564,28.1828,7.8839,-1,3
4565,28.1907,7.8869,-1,3
4566,28.1986,7.8905,-1,3
4567,28.2065,7.8943,-1,3
4568,28.2144,7.8975,-1,3
4569,28.2223,7.9001,-1,3
4570,28.2302,7.9024,-1,3
4571,28.2381,7.9044,-1,3
4572,28.246,7.9062,-1,3
4573,28.2539,7.908,-1,3
4574,28.2619,7.9092,-1,3
4575,28.2698,7.9099,-1,3
4576,28.2777,7.9105,-1,3
4577,28.2856,7.9104,-1,3
4578,28.2935,7.9096,-1,3
4579,28.3014,7.9091,-1,3
4580,28.3093,7.9077,-1,3
4581,28.3172,7.9059,-1,3
4582,28.3251,7.9029,-1,3
4583,28.3329,7.8996,-1,3
4584,28.3408,7.8953,-1,3
4585,28.3487,7.8911,-1,3
4586,28.3565,7.8859,-1,3
4587,28.3644,7.8808,-1,3
4588,28.3722,7.8745,-1,3
4589,28.3801,7.8672,-1,3
4590,28.3879,7.8582,-1,3
4591,28.4035,7.8488,-1,3
4592,28.4113,7.8392,-1,3
4593,28.419,7.8288,-1,3
4594,28.4268,7.8187,-1,3
4595,28.4346,7.8081,-1,3
4596,28.4423,7.7976,-1,3
4597,28.4501,7.7859,-1,3
4598,28.4578,7.7748,-1,3
4599,28.4655,7.7632,-1,3
4600,28.4732,7.7525,-1,3
4601,28.4809,7.7418,-1,3
4602,28.4886,7.7309,-1,3
4603,28.4963,7.7208,-1,3
4604,28.5039,7.7103,-1,3
4605,28.5116,7.6988,-1,3
4606,28.5192,7.6858,-1,3
4607,28.5268,7.6733,-1,3
4608,28.5344,7.6605,-1,3
4609,28.542,7.6482,-1,3
4610,28.5496,7.6357,-1,3
4611,28.5571,7.623,-1,3
4612,28.5647,7.6097,-1,3
4613,28.5722,7.5956,-1,3
4614,28.5797,7.5811,-1,3
4615,28.5872,7.5671,-1,3
4616,28.5947,7.5537,-1,3
4617,28.6022,7.5402,-1,3
4618,28.6097,7.5262,-1,3
4619,28.6171,7.5118,-1,3
4620,28.6245,7.4974,-1,3
4621,28.632,7.4835,-1,3
4622,28.6394,7.4699,-1,3
4623,28.6468,7.4564,-1,3
4624,28.6542,7.4426,-1,3
4625,28.6615,7.4289,-1,3
4626,28.6689,7.4162,-1,3
4627,28.6762,7.4035,-1,3
4628,28.6836,7.391,-1,3
4629,28.6909,7.3781,-1,3
4630,28.6982,7.3644,-1,3
4631,28.7055,7.3506,-1,3
4632,28.7201,7.3367,-1,3
4633,28.7273,7.323,-1,3
4634,28.7346,7.3098,-1,3
4635,28.7418,7.2968,-1,3
4636,28.749,7.2828,-1,3
4637,28.7562,7.2686,-1,3
4638,28.7634,7.2543,-1,3
4639,28.7706,7.2407,-1,3
4640,28.7778,7.2279,-1,3
4641,28.7849,7.2152,-1,3
4642,28.7921,7.2027,-1,3
4643,28.7992,7.1899,-1,3
4644,28.8063,7.1766,-1,3
4645,28.8134,7.1631,-1,3
4646,28.8205,7.1499,-1,3
4647,28.8276,7.1371,-1,3
4648,28.8347,7.1248,-1,3
4649,28.8417,7.1122,-1,3
4650,28.8488,7.1002,-1,3
4651,28.8558,7.0883,-1,3
4652,28.8628,7.0763,-1,3
4653,28.8699,7.0644,-1,3
4654,28.8769,7.0536,-1,3
4655,28.8839,7.0426,-1,3
4656,28.8908,7.0319,-1,3
4657,28.8978,7.0207,-1,3
4658,28.9048,7.01,-1,3
4659,28.9117,6.9995,-1,3
4660,28.9187,6.9892,-1,3
4661,28.9256,6.9784,-1,3
4662,28.9325,6.9683,-1,3
4663,28.9394,6.9575,-1,3
4664,28.9463,6.9466,-1,3
4665,28.9532,6.9361,-1,3
4666,28.9601,6.926,-1,3
4667,28.967,6.9162,-1,3
4668,28.9738,6.906,-1,3
4669,28.9807,6.8952,-1,3
4670,28.9875,6.8841,-1,3
4671,28.9943,6.8729,-1,3
4672,29.0012,6.8618,-1,3
4673,29.008,6.8513,-1,3
4674,29.0148,6.8401,-1,3
4675,29.0283,6.8286,-1,3
4676,29.0351,6.8171,-1,3
4677,29.0418,6.8057,-1,3
4678,29.0486,6.795,-1,3
4679,29.0553,6.785,-1,3
4680,29.0621,6.7755,-1,3
4681,29.0688,6.766,-1,3
4682,29.0755,6.7564,-1,3
4683,29.0889,6.7465,-1,3
4684,29.0956,6.7371,-1,3
4685,29.1023,6.7286,-1,3
4686,29.109,6.7194,-1,3
4687,29.1157,6.7109,-1,3
4688,29.1223,6.7021,-1,3
4689,29.129,6.6938,-1,3
4690,29.1356,6.6852,-1,3
4691,29.1423,6.6774,-1,3
4692,29.1489,6.6694,-1,3
4693,29.1556,6.6624,-1,3
4694,29.1622,6.6558,-1,3
4695,29.1688,6.6488,-1,3
4696,29.1754,6.6424,-1,3
4697,29.182,6.6356,-1,3
4698,29.1886,6.6286,-1,3
4699,29.1952,6.6218,-1,3
4700,29.2018,6.6154,-1,3
4701,29.2084,6.6085,-1,3
4702,29.2149,6.6022,-1,3
4703,29.2215,6.5957,-1,3
4704,29.2281,6.5897,-1,3
4705,29.2346,6.5838,-1,3
4706,29.2412,6.5782,-1,3
4707,29.2477,6.5725,-1,3
4708,29.2543,6.5673,-1,3
4709,29.2608,6.5615,-1,3
4710,29.2739,6.556,-1,3
4711,29.2804,6.5515,-1,3
4712,29.287,6.5471,-1,3
4713,29.2935,6.5432,-1,3
4714,29.3,6.5388,-1,3
4715,29.3065,6.5351,-1,3
4716,29.313,6.5312,-1,3
4717,29.3196,6.5278,-1,3
4718,29.3261,6.5254,-1,3
4719,29.3326,6.524,-1,3
4720,29.3391,6.5224,-1,3
4721,29.3456,6.5206,-1,3
4722,29.3522,6.5192,-1,3
4723,29.3587,6.5182,-1,3
4724,29.3652,6.5176,-1,3
4725,29.3717,6.5169,-1,3
4726,29.3782,6.5168,-1,3
4727,29.3847,6.517,-1,3
4728,29.3912,6.5172,-1,3
4729,29.3978,6.517,-1,3
4730,29.4043,6.5174,-1,3
4731,29.4108,6.5182,-1,3
4732,29.4173,6.5192,-1,3
4733,29.4239,6.5203,-1,3
4734,29.4304,6.5221,-1,3
4735,29.4369,6.5239,-1,3
4736,29.4435,6.5264,-1,3
4737,29.45,6.5296,-1,3
4738,29.4566,6.533,-1,3
4739,29.4631,6.5369,-1,3
4740,29.4697,6.5414,-1,3
4741,29.4763,6.5464,-1,3
4742,29.4829,6.552,-1,3
4743,29.4895,6.5587,-1,3
4744,29.4961,6.566,-1,3
4745,29.5027,6.5739,-1,3
4746,29.5093,6.5821,-1,3
4747,29.5159,6.5915,-1,3
4748,29.5226,6.6011,-1,3
4749,29.5292,6.612,-1,3
4750,29.5359,6.623,-1,3
4751,29.5426,6.6347,-1,3
4752,29.5493,6.6469,-1,3
4753,29.5561,6.6596,-1,3
4754,29.5628,6.6726,-1,3
4755,29.5695,6.6868,-1,3
4756,29.5763,6.7011,-1,3
4757,29.5831,6.7154,-1,3
4758,29.5899,6.7302,-1,3
4759,29.5967,6.7455,-1,3
4760,29.6035,6.7606,-1,3
4761,29.6104,6.7762,-1,3
4762,29.6241,6.7941,-1,3
4763,29.631,6.8117,-1,3
4764,29.6379,6.8292,-1,3
4765,29.6449,6.8471,-1,3
4766,29.6518,6.8655,-1,3
4767,29.6588,6.8837,-1,3
4768,29.6658,6.902,-1,3
4769,29.6728,6.9204,-1,3
4770,29.6798,6.9397,-1,3
4771,29.6868,6.9589,-1,3
4772,29.6939,6.9765,-1,3
4773,29.701,6.9947,-1,3
4774,29.7081,7.0133,-1,3
4775,29.7152,7.0319,-1,3
4776,29.7223,7.0504,-1,3
4777,29.7295,7.0694,-1,3
4778,29.7367,7.0887,-1,3
4779,29.7438,7.1079,-1,3
4780,29.7511,7.1268,-1,3
4781,29.7583,7.1457,-1,3
4782,29.7655,7.1638,-1,3
4783,29.7728,7.1819,-1,3
4784,29.7801,7.2004,-1,3
4785,29.7874,7.2193,-1,3
4786,29.7947,7.238,-1,3
4787,29.802,7.2559,-1,3
4788,29.8094,7.2726,-1,3
4789,29.8168,7.2892,-1,3
4790,29.8241,7.3063,-1,3
4791,29.8315,7.3232,-1,3
4792,29.8389,7.3394,-1,3
4793,29.8463,7.3548,-1,3
4794,29.8538,7.3699,-1,3
4795,29.8612,7.3836,-1,3
4796,29.8687,7.3972,-1,3
4797,29.8762,7.4107,-1,3
4798,29.8836,7.4248,-1,3
4799,29.8911,7.4377,-1,3
4800,29.8986,7.4502,-1,3
4801,29.9137,7.4632,-1,3
4802,29.9212,7.4761,-1,3
4803,29.9288,7.489,-1,3
4804,29.9363,7.5008,-1,3
4805,29.9439,7.5127,-1,3
4806,29.9514,7.5241,-1,3
4807,29.959,7.535,-1,3
4808,29.9666,7.5452,-1,3
4809,29.9742,7.556,-1,3
4810,29.9818,7.5658,-1,3
4811,29.9894,7.5738,-1,3
4812,29.997,7.5823,-1,3
4813,30.0047,7.5899,-1,3
4814,30.0123,7.5973,-1,3
4815,30.0275,7.6037,-1,3
4816,30.0352,7.6094,-1,3
4817,30.0428,7.6146,-1,3
4818,30.0428,7.6192,-1,3
4819,30.0504,7.6225,-1,3
4820,30.0581,7.6255,-1,3
4821,30.0657,7.6276,-1,3
4822,30.0733,7.6289,-1,3
4823,30.0809,7.6295,-1,3
4824,30.0962,7.6293,-1,3
